663,419,0
663,422,0
663,423,0
663,424,0
663,425,0
663,426,0
663,429,0
663,540,0
663,541,0
663,542,0
663,543,0
663,544,0
663,545,0
663,546,0
663,547,0
663,548,0
663,549,0
663,550,0
663,551,0
663,552,0
663,553,0
663,554,0
663,555,0
663,556,0
664,419,0
664,420,0
664,421,0
664,422,0
664,423,0
664,424,0
664,425,0
664,426,0
664,428,0
664,429,0
664,540,0
664,541,0
664,542,0
664,543,0
664,544,0
664,545,0
664,546,0
664,547,0
664,548,0
664,549,0
664,550,0
664,551,0
664,552,0
664,553,0
664,554,0
664,555,0
664,556,0
665,410,0
665,411,0
665,412,0
665,413,0
665,414,0
665,415,0
665,416,0
665,417,0
665,418,0
665,419,0
665,420,0
665,421,0
665,422,0
665,423,0
665,424,0
665,425,0
665,426,0
665,427,0
665,428,0
665,429,0
665,430,0
665,431,0
665,432,0
665,433,0
665,434,0
665,536,0
665,537,0
665,538,0
665,539,0
665,540,0
665,541,0
665,542,0
665,543,0
665,544,0
665,545,0
665,546,0
665,547,0
665,548,0
665,549,0
665,550,0
665,551,0
665,552,0
665,553,0
665,554,0
665,555,0
665,556,0
665,557,0
665,558,0
665,559,0
665,560,0
666,406,0
666,407,0
666,408,0
666,409,0
666,410,0
666,411,0
666,412,0
666,413,0
666,414,0
666,415,0
666,416,0
666,417,0
666,418,0
666,419,0
666,420,0
666,421,0
666,422,0
666,423,0
666,424,0
666,425,0
666,426,0
666,427,0
666,428,0
666,429,0
666,430,0
666,431,0
666,432,0
666,433,0
666,434,0
666,536,0
666,537,0
666,538,0
666,540,0
666,541,0
666,542,0
666,543,0
666,544,0
666,545,0
666,546,0
666,547,0
666,548,0
666,549,0
666,550,0
666,551,0
666,552,0
666,553,0
666,554,0
666,555,0
666,556,0
667,406,0
667,407,0
667,408,0
667,409,0
667,410,0
667,411,0
667,412,0
667,413,0
667,414,0
667,415,0
667,416,0
667,417,0
667,418,0
667,419,0
667,420,0
667,421,0
667,422,0
667,423,0
667,424,0
667,425,0
667,426,0
667,427,0
667,428,0
667,429,0
667,430,0
667,431,0
667,432,0
667,433,0
667,434,0
667,537,0
667,538,0
667,539,0
667,540,0
667,541,0
667,542,0
667,543,0
667,544,0
667,545,0
667,546,0
667,547,0
667,548,0
667,549,0
667,550,0
667,551,0
667,552,0
667,553,0
667,554,0
667,555,0
667,556,0
668,349,0
668,350,0
668,351,0
668,352,0
668,353,0
668,354,0
668,355,0
668,356,0
668,357,0
668,358,0
668,359,0
668,360,0
668,361,0
668,362,0
668,363,0
668,364,0
668,365,0
668,366,0
668,367,0
668,368,0
668,369,0
668,370,0
668,371,0
668,372,0
668,373,0
668,374,0
668,375,0
668,376,0
668,377,0
668,378,0
668,379,0
668,380,0
668,381,0
668,382,0
668,383,0
668,384,0
668,385,0
668,406,0
668,407,0
668,408,0
668,409,0
668,410,0
668,411,0
668,412,0
668,413,0
668,414,0
668,415,0
668,416,0
668,417,0
668,418,0
668,419,0
668,420,0
668,421,0
668,422,0
668,423,0
668,424,0
668,425,0
668,426,0
668,427,0
668,428,0
668,429,0
668,430,0
668,496,0
668,497,0
668,498,0
668,499,0
668,500,0
668,501,0
668,502,0
668,503,0
668,504,0
668,505,0
668,506,0
668,507,0
668,508,0
668,509,0
668,510,0
668,511,0
669,349,0
669,350,0
669,351,0
669,352,0
669,353,0
669,354,0
669,355,0
669,356,0
669,357,0
669,358,0
669,359,0
669,360,0
669,361,0
669,362,0
669,363,0
669,364,0
669,365,0
669,366,0
669,367,0
669,368,0
669,369,0
669,370,0
669,371,0
669,372,0
669,373,0
669,374,0
669,375,0
669,376,0
669,377,0
669,378,0
669,379,0
669,380,0
669,381,0
669,382,0
669,383,0
669,384,0
669,385,0
669,406,0
669,407,0
669,408,0
669,410,0
669,411,0
669,412,0
669,413,0
669,414,0
669,415,0
669,416,0
669,417,0
669,418,0
669,419,0
669,420,0
669,421,0
669,422,0
669,423,0
669,424,0
669,425,0
669,426,0
669,427,0
669,428,0
669,429,0
669,430,0
669,496,0
669,497,0
669,498,0
669,499,0
669,500,0
669,501,0
669,502,0
669,503,0
669,504,0
669,505,0
669,506,0
669,507,0
669,508,0
669,509,0
669,510,0
669,511,0
670,345,0
670,346,0
670,347,0
670,348,0
670,349,0
670,350,0
670,351,0
670,352,0
670,353,0
670,354,0
670,355,0
670,356,0
670,357,0
670,358,0
670,359,0
670,360,0
670,361,0
670,362,0
670,363,0
670,364,0
670,365,0
670,366,0
670,367,0
670,368,0
670,369,0
670,370,0
670,371,0
670,372,0
670,373,0
670,374,0
670,375,0
670,376,0
670,377,0
670,378,0
670,379,0
670,380,0
670,381,0
670,382,0
670,383,0
670,384,0
670,385,0
670,386,0
670,387,0
670,388,0
670,389,0
670,407,0
670,409,0
670,410,0
670,411,0
670,412,0
670,413,0
670,492,0
670,493,0
670,494,0
670,495,0
670,496,0
670,497,0
670,498,0
670,499,0
670,500,0
670,501,0
670,502,0
670,503,0
670,504,0
670,505,0
670,506,0
670,507,0
670,508,0
670,509,0
670,510,0
670,511,0
670,512,0
670,513,0
670,514,0
670,515,0
671,345,0
671,346,0
671,347,0
671,348,0
671,349,0
671,350,0
671,351,0
671,352,0
671,353,0
671,354,0
671,355,0
671,356,0
671,357,0
671,358,0
671,359,0
671,360,0
671,361,0
671,362,0
671,363,0
671,364,0
671,365,0
671,366,0
671,367,0
671,368,0
671,369,0
671,370,0
671,371,0
671,372,0
671,373,0
671,374,0
671,375,0
671,376,0
671,377,0
671,378,0
671,379,0
671,380,0
671,381,0
671,382,0
671,383,0
671,384,0
671,385,0
671,386,0
671,387,0
671,388,0
671,389,0
671,413,0
671,492,0
671,493,0
671,494,0
671,495,0
671,496,0
671,497,0
671,498,0
671,499,0
671,500,0
671,501,0
671,502,0
671,503,0
671,504,0
671,505,0
671,506,0
671,507,0
671,508,0
671,509,0
671,510,0
671,511,0
671,512,0
671,513,0
671,514,0
671,515,0
672,342,0
672,343,0
672,344,0
672,345,0
672,346,0
672,347,0
672,348,0
672,349,0
672,350,0
672,351,0
672,352,0
672,353,0
672,354,0
672,355,0
672,356,0
672,357,0
672,358,0
672,359,0
672,360,0
672,361,0
672,362,0
672,363,0
672,364,0
672,365,0
672,366,0
672,367,0
672,368,0
672,369,0
672,370,0
672,371,0
672,372,0
672,373,0
672,374,0
672,375,0
672,376,0
672,377,0
672,378,0
672,379,0
672,380,0
672,381,0
672,382,0
672,383,0
672,384,0
672,385,0
672,399,0
672,400,0
672,496,0
672,497,0
672,498,0
672,499,0
672,500,0
672,501,0
672,502,0
672,503,0
672,504,0
672,505,0
672,506,0
672,507,0
672,508,0
672,509,0
672,510,0
672,511,0
672,512,0
672,513,0
672,514,0
672,515,0
673,344,0
673,345,0
673,346,0
673,347,0
673,348,0
673,349,0
673,350,0
673,351,0
673,352,0
673,353,0
673,354,0
673,355,0
673,356,0
673,357,0
673,358,0
673,359,0
673,360,0
673,361,0
673,362,0
673,363,0
673,364,0
673,365,0
673,366,0
673,367,0
673,368,0
673,369,0
673,370,0
673,371,0
673,372,0
673,373,0
673,374,0
673,375,0
673,376,0
673,377,0
673,378,0
673,379,0
673,380,0
673,381,0
673,382,0
673,383,0
673,384,0
673,385,0
673,399,0
673,496,0
673,497,0
673,498,0
673,499,0
673,500,0
673,501,0
673,502,0
673,503,0
673,504,0
673,505,0
673,506,0
673,507,0
673,508,0
673,509,0
673,510,0
673,511,0
673,512,0
673,513,0
673,514,0
673,515,0
674,345,0
674,346,0
674,347,0
674,348,0
674,349,0
674,350,0
674,351,0
674,352,0
674,353,0
674,354,0
674,355,0
674,356,0
674,357,0
674,358,0
674,359,0
674,360,0
674,361,0
674,362,0
674,363,0
674,364,0
674,365,0
674,366,0
674,367,0
674,368,0
674,369,0
674,370,0
674,371,0
674,372,0
674,373,0
674,374,0
674,375,0
674,376,0
674,377,0
674,378,0
674,379,0
674,380,0
674,381,0
675,349,0
675,350,0
675,351,0
675,352,0
675,353,0
675,354,0
675,355,0
675,356,0
675,357,0
675,358,0
675,359,0
675,360,0
675,361,0
675,362,0
675,363,0
675,364,0
675,365,0
675,366,0
675,367,0
675,368,0
675,369,0
675,370,0
675,371,0
675,372,0
675,373,0
675,374,0
675,375,0
675,376,0
675,377,0
676,349,0
676,350,0
676,351,0
676,352,0
676,353,0
676,354,0
676,355,0
676,356,0
676,357,0
676,358,0
676,359,0
676,360,0
676,361,0
676,362,0
676,363,0
676,364,0
676,365,0
676,366,0
676,367,0
676,368,0
676,369,0
676,370,0
676,371,0
676,372,0
676,373,0
676,374,0
676,375,0
676,376,0
676,377,0
677,353,0
677,354,0
677,355,0
677,361,0
677,364,0
677,365,0
677,366,0
677,367,0
677,368,0
677,369,0
677,370,0
677,371,0
677,372,0
677,373,0
677,374,0
677,375,0
677,376,0
677,377,0
678,365,0
678,366,0
678,367,0
678,368,0
678,369,0
678,370,0
678,371,0
678,372,0
678,373,0
678,374,0
678,375,0
678,376,0
678,377,0
679,365,0
679,366,0
679,367,0
679,368,0
679,369,0
679,372,0
679,414,0
679,415,0
679,416,0
679,417,0
680,365,0
680,366,0
680,367,0
680,368,0
680,369,0
680,370,0
680,371,0
680,372,0
680,414,0
680,415,0
680,416,0
680,417,0
682,409,0
686,403,0
686,405,0
686,406,0
687,403,0
687,405,0
688,398,0
688,399,0
688,400,0
688,401,0
688,402,0
688,403,0
688,404,0
688,405,0
688,406,0
688,407,0
688,408,0
688,409,0
689,398,0
689,399,0
689,400,0
689,401,0
689,402,0
689,403,0
689,404,0
689,405,0
689,406,0
689,407,0
689,408,0
689,409,0
689,417,0
690,394,0
690,395,0
690,396,0
690,397,0
690,398,0
690,399,0
690,400,0
690,401,0
690,402,0
690,403,0
690,404,0
690,405,0
690,406,0
690,407,0
690,408,0
690,409,0
690,410,0
690,411,0
690,412,0
690,413,0
691,393,0
691,394,0
691,395,0
691,396,0
691,397,0
691,398,0
691,399,0
691,400,0
691,401,0
691,402,0
691,403,0
691,404,0
691,405,0
691,406,0
691,407,0
691,408,0
691,409,0
691,410,0
691,411,0
691,412,0
691,413,0
692,386,0
692,387,0
692,388,0
692,389,0
692,390,0
692,391,0
692,392,0
692,393,0
692,394,0
692,395,0
692,396,0
692,397,0
692,398,0
692,399,0
692,400,0
692,401,0
692,402,0
692,403,0
692,404,0
692,405,0
692,406,0
692,407,0
692,408,0
692,409,0
692,410,0
692,411,0
692,412,0
692,413,0
692,414,0
692,415,0
692,416,0
692,417,0
693,370,0
693,371,0
693,372,0
693,373,0
693,382,0
693,384,0
693,385,0
693,386,0
693,387,0
693,388,0
693,389,0
693,390,0
693,391,0
693,392,0
693,393,0
693,394,0
693,395,0
693,396,0
693,397,0
693,398,0
693,399,0
693,400,0
693,401,0
693,402,0
693,403,0
693,404,0
693,405,0
693,406,0
693,407,0
693,408,0
693,409,0
693,410,0
693,411,0
693,413,0
694,370,0
694,371,0
694,372,0
694,373,0
694,377,0
694,382,0
694,383,0
694,384,0
694,385,0
694,386,0
694,387,0
694,388,0
694,389,0
694,390,0
694,391,0
694,392,0
694,393,0
694,394,0
694,395,0
694,396,0
694,397,0
694,398,0
694,399,0
694,400,0
694,401,0
694,402,0
694,403,0
694,404,0
694,405,0
694,406,0
694,407,0
694,408,0
694,409,0
694,410,0
694,413,0
695,365,0
695,366,0
695,367,0
695,368,0
695,369,0
695,370,0
695,371,0
695,372,0
695,373,0
695,374,0
695,378,0
695,379,0
695,380,0
695,381,0
695,382,0
695,383,0
695,384,0
695,385,0
695,386,0
695,387,0
695,388,0
695,389,0
695,390,0
695,391,0
695,392,0
695,393,0
695,394,0
695,395,0
695,396,0
695,397,0
695,398,0
695,399,0
695,400,0
695,401,0
695,402,0
695,403,0
695,404,0
695,405,0
695,406,0
695,407,0
695,408,0
695,409,0
695,410,0
695,411,0
695,412,0
695,413,0
695,414,0
695,415,0
695,416,0
695,417,0
695,418,0
695,419,0
695,420,0
695,421,0
696,365,0
696,366,0
696,367,0
696,368,0
696,369,0
696,370,0
696,371,0
696,372,0
696,373,0
696,378,0
696,379,0
696,380,0
696,381,0
696,382,0
696,383,0
696,384,0
696,385,0
696,386,0
696,387,0
696,388,0
696,389,0
696,390,0
696,391,0
696,392,0
696,393,0
696,394,0
696,395,0
696,396,0
696,397,0
696,398,0
696,399,0
696,400,0
696,401,0
696,402,0
696,403,0
696,404,0
696,405,0
696,406,0
696,407,0
696,408,0
696,409,0
696,410,0
696,411,0
696,412,0
696,413,0
696,414,0
696,415,0
696,416,0
696,417,0
696,418,0
696,419,0
696,420,0
696,421,0
697,361,0
697,362,0
697,363,0
697,364,0
697,365,0
697,366,0
697,367,0
697,368,0
697,369,0
697,371,0
697,374,0
697,375,0
697,376,0
697,377,0
697,378,0
697,379,0
697,380,0
697,381,0
697,382,0
697,383,0
697,384,0
697,385,0
697,386,0
697,387,0
697,388,0
697,389,0
697,390,0
697,391,0
697,392,0
697,393,0
697,394,0
697,395,0
697,396,0
697,397,0
697,398,0
697,400,0
698,361,0
698,362,0
698,363,0
698,364,0
698,365,0
698,366,0
698,367,0
698,368,0
698,369,0
698,370,0
698,371,0
698,372,0
698,373,0
698,374,0
698,375,0
698,376,0
698,377,0
698,378,0
698,379,0
698,380,0
698,381,0
698,382,0
698,383,0
698,384,0
698,385,0
698,386,0
698,387,0
698,388,0
698,389,0
698,390,0
698,391,0
698,392,0
698,393,0
698,394,0
698,395,0
698,396,0
698,397,0
698,398,0
698,399,0
698,400,0
698,401,0
698,424,0
699,357,0
699,358,0
699,359,0
699,360,0
699,361,0
699,362,0
699,363,0
699,364,0
699,367,0
699,368,0
699,369,0
699,370,0
699,371,0
699,372,0
699,373,0
699,374,0
699,375,0
699,376,0
699,377,0
699,378,0
699,379,0
699,380,0
699,381,0
699,382,0
699,383,0
699,384,0
699,385,0
699,386,0
699,387,0
699,388,0
699,389,0
699,390,0
699,391,0
699,392,0
699,393,0
699,394,0
699,395,0
699,396,0
699,397,0
699,398,0
699,399,0
699,400,0
699,401,0
699,403,0
699,405,0
700,357,0
700,358,0
700,359,0
700,360,0
700,361,0
700,362,0
700,363,0
700,364,0
700,365,0
700,366,0
700,367,0
700,368,0
700,369,0
700,370,0
700,371,0
700,372,0
700,373,0
700,374,0
700,375,0
700,376,0
700,377,0
700,378,0
700,379,0
700,380,0
700,381,0
700,382,0
700,383,0
700,384,0
700,385,0
700,386,0
700,387,0
700,388,0
700,389,0
700,390,0
700,391,0
700,392,0
700,393,0
700,394,0
700,395,0
700,396,0
700,397,0
700,398,0
700,399,0
700,400,0
700,401,0
700,403,0
701,353,0
701,354,0
701,355,0
701,356,0
701,357,0
701,358,0
701,359,0
701,360,0
701,365,0
701,366,0
701,367,0
701,368,0
701,369,0
701,370,0
701,371,0
701,372,0
701,373,0
701,374,0
701,375,0
701,376,0
701,377,0
701,378,0
701,379,0
701,380,0
701,381,0
701,394,0
701,395,0
701,396,0
701,397,0
701,398,0
702,353,0
702,354,0
702,355,0
702,356,0
702,357,0
702,358,0
702,359,0
702,360,0
702,363,0
702,364,0
702,365,0
702,366,0
702,367,0
702,368,0
702,369,0
702,370,0
702,371,0
702,372,0
702,373,0
702,374,0
702,375,0
702,376,0
702,377,0
702,378,0
702,379,0
702,380,0
702,381,0
702,394,0
702,395,0
702,396,0
702,397,0
703,349,0
703,350,0
703,351,0
703,352,0
703,353,0
703,354,0
703,355,0
703,356,0
703,358,0
703,359,0
703,360,0
703,361,0
703,362,0
703,363,0
703,364,0
703,365,0
703,366,0
703,367,0
703,368,0
703,369,0
703,370,0
703,371,0
703,372,0
703,373,0
703,374,0
703,375,0
703,376,0
703,377,0
703,388,0
703,390,0
703,391,0
703,392,0
704,345,0
704,346,0
704,347,0
704,349,0
704,350,0
704,351,0
704,352,0
704,354,0
704,357,0
704,358,0
704,359,0
704,360,0
704,361,0
704,362,0
704,363,0
704,364,0
704,365,0
704,366,0
704,367,0
704,368,0
704,369,0
705,345,0
705,346,0
705,347,0
705,348,0
705,349,0
705,350,0
705,351,0
705,352,0
705,354,0
705,356,0
705,357,0
705,358,0
705,359,0
705,360,0
705,361,0
705,362,0
705,363,0
705,364,0
705,365,0
705,366,0
705,367,0
705,368,0
705,369,0
706,340,0
706,341,0
706,342,0
706,343,0
706,344,0
706,345,0
706,346,0
706,347,0
706,348,0
706,353,0
706,354,0
706,355,0
706,356,0
706,357,0
706,358,0
706,359,0
706,360,0
706,361,0
706,362,0
706,363,0
706,364,0
706,365,0
706,366,0
706,367,0
706,368,0
707,337,0
707,338,0
707,339,0
707,340,0
707,342,0
707,343,0
707,344,0
707,345,0
707,346,0
707,347,0
707,348,0
707,353,0
707,354,0
707,355,0
707,356,0
707,357,0
707,358,0
707,359,0
707,360,0
707,361,0
707,362,0
707,363,0
707,364,0
707,366,0
707,367,0
707,368,0
708,335,0
708,337,0
708,338,0
708,339,0
708,340,0
708,341,0
708,342,0
708,343,0
708,344,0
708,349,0
708,350,0
708,351,0
708,352,0
708,353,0
708,354,0
708,355,0
708,356,0
708,357,0
708,358,0
708,359,0
708,360,0
708,361,0
709,337,0
709,338,0
709,339,0
709,340,0
709,341,0
709,342,0
709,343,0
709,344,0
709,349,0
709,350,0
709,351,0
709,352,0
709,353,0
709,354,0
709,355,0
709,356,0
709,357,0
709,358,0
709,359,0
709,360,0
709,361,0
709,362,0
709,363,0
709,364,0
710,329,0
710,330,0
710,331,0
710,332,0
710,333,0
710,334,0
710,335,0
710,336,0
710,337,0
710,338,0
710,339,0
710,340,0
710,345,0
710,346,0
710,347,0
710,348,0
710,349,0
710,350,0
710,351,0
710,352,0
710,353,0
710,354,0
710,355,0
710,356,0
711,330,0
711,331,0
711,332,0
711,333,0
711,334,0
711,335,0
711,336,0
711,337,0
711,338,0
711,339,0
711,340,0
711,345,0
711,346,0
711,347,0
711,348,0
711,349,0
711,350,0
711,351,0
711,352,0
711,353,0
711,354,0
711,355,0
711,356,0
711,357,0
711,359,0
711,360,0
712,325,0
712,326,0
712,327,0
712,328,0
712,329,0
712,330,0
712,331,0
712,332,0
712,333,0
712,349,0
712,350,0
712,351,0
712,352,0
712,353,0
713,317,0
713,318,0
713,319,0
713,320,0
713,321,0
713,322,0
713,323,0
713,324,0
713,326,0
713,327,0
713,328,0
713,345,0
713,346,0
713,348,0
713,350,0
714,317,0
714,318,0
714,319,0
714,320,0
714,321,0
714,322,0
714,323,0
714,324,0
714,327,0
714,343,0
714,345,0
714,346,0
714,347,0
714,348,0
714,350,0
715,313,0
715,314,0
715,315,0
715,316,0
715,317,0
715,318,0
715,319,0
715,320,0
715,333,0
715,342,0
715,344,0
715,348,0
716,313,0
716,314,0
716,315,0
716,316,0
716,317,0
716,318,0
716,319,0
716,320,0
716,340,0
716,345,0
716,346,0
716,347,0
716,348,0
717,309,0
717,310,0
717,311,0
717,312,0
718,308,0
718,309,0
718,310,0
718,311,0
718,312,0
718,338,0
718,340,0
719,234,0
719,235,0
719,236,0
719,237,0
719,238,0
719,239,0
719,240,0
719,241,0
719,242,0
719,243,0
719,244,0
719,245,0
719,246,0
719,247,0
719,248,0
719,249,0
719,250,0
719,251,0
719,252,0
719,253,0
719,254,0
719,255,0
719,256,0
719,257,0
719,258,0
719,259,0
719,260,0
719,261,0
719,262,0
719,263,0
719,264,0
719,265,0
719,266,0
719,267,0
719,268,0
719,269,0
719,270,0
719,271,0
719,272,0
719,273,0
719,274,0
719,275,0
719,276,0
719,277,0
719,278,0
719,279,0
719,304,0
720,232,0
720,235,0
720,236,0
720,237,0
720,238,0
720,239,0
720,240,0
720,241,0
720,242,0
720,243,0
720,244,0
720,245,0
720,246,0
720,247,0
720,248,0
720,249,0
720,250,0
720,251,0
720,252,0
720,253,0
720,254,0
720,255,0
720,256,0
720,257,0
720,258,0
720,259,0
720,260,0
720,261,0
720,262,0
720,263,0
720,264,0
720,265,0
720,266,0
720,267,0
720,268,0
720,269,0
720,270,0
720,271,0
720,272,0
720,273,0
720,274,0
720,275,0
720,276,0
720,277,0
720,278,0
720,279,0
720,282,0
720,302,0
720,305,0
720,307,0
720,308,0
721,252,0
721,255,0
721,256,0
721,257,0
721,258,0
721,260,0
721,261,0
721,262,0
721,263,0
721,264,0
721,265,0
721,266,0
721,267,0
721,268,0
721,269,0
721,270,0
721,271,0
721,272,0
721,273,0
721,274,0
721,275,0
721,276,0
721,277,0
721,278,0
721,279,0
721,280,0
721,281,0
721,282,0
721,283,0
721,284,0
721,285,0
721,286,0
721,287,0
721,288,0
721,289,0
721,290,0
721,291,0
721,295,0
721,299,0
722,240,0
722,241,0
722,257,0
722,258,0
722,259,0
722,260,0
722,261,0
722,262,0
722,263,0
722,264,0
722,265,0
722,266,0
722,267,0
722,268,0
722,269,0
722,270,0
722,271,0
722,272,0
722,273,0
722,274,0
722,275,0
722,276,0
722,277,0
722,278,0
722,279,0
722,280,0
722,281,0
722,282,0
722,283,0
722,284,0
722,285,0
722,286,0
722,287,0
722,289,0
722,290,0
722,291,0
722,292,0
722,293,0
722,294,0
722,295,0
723,241,0
723,259,0
723,260,0
723,261,0
723,262,0
723,263,0
723,264,0
723,265,0
723,266,0
723,267,0
723,268,0
723,269,0
723,270,0
723,271,0
723,272,0
723,273,0
723,274,0
723,275,0
723,276,0
723,277,0
723,278,0
723,279,0
723,280,0
723,281,0
723,282,0
723,283,0
723,284,0
723,285,0
723,286,0
723,287,0
723,291,0
723,292,0
723,293,0
723,294,0
723,295,0
724,228,0
724,231,0
724,232,0
724,256,0
724,257,0
724,258,0
724,259,0
724,260,0
724,272,0
724,273,0
724,274,0
724,275,0
724,276,0
724,277,0
724,278,0
724,279,0
724,280,0
724,281,0
724,282,0
724,283,0
724,284,0
724,285,0
724,286,0
724,287,0
724,288,0
724,289,0
724,290,0
724,291,0
725,233,0
725,256,0
725,257,0
725,258,0
725,259,0
725,272,0
725,273,0
725,274,0
725,275,0
725,276,0
725,277,0
725,278,0
725,279,0
725,280,0
725,281,0
725,282,0
725,283,0
725,284,0
725,285,0
725,286,0
725,287,0
725,288,0
725,289,0
725,290,0
725,291,0
726,219,0
726,220,0
726,221,0
726,222,0
726,223,0
726,224,0
726,225,0
726,228,0
726,256,0
726,257,0
726,258,0
726,259,0
726,280,0
726,281,0
726,282,0
726,283,0
726,284,0
726,285,0
726,286,0
726,287,0
726,288,0
726,289,0
726,290,0
726,291,0
727,219,0
727,220,0
727,221,0
727,222,0
727,223,0
727,224,0
727,225,0
727,226,0
727,227,0
727,228,0
727,254,0
727,255,0
727,256,0
727,257,0
727,258,0
727,259,0
727,280,0
727,281,0
727,282,0
727,283,0
727,284,0
727,285,0
727,286,0
727,287,0
727,288,0
727,289,0
727,290,0
727,291,0
728,233,0
728,252,0
728,253,0
728,254,0
728,255,0
728,256,0
728,257,0
728,258,0
728,259,0
728,277,0
728,284,0
728,288,0
728,289,0
728,290,0
728,291,0
729,252,0
729,253,0
729,254,0
729,255,0
729,256,0
729,257,0
729,258,0
729,259,0
729,272,0
729,274,0
729,288,0
729,289,0
729,290,0
729,291,0
730,238,0
730,247,0
730,248,0
730,249,0
730,250,0
730,251,0
730,252,0
730,253,0
730,254,0
730,255,0
730,268,0
730,269,0
730,271,0
730,272,0
730,273,0
730,274,0
730,275,0
730,276,0
730,277,0
730,278,0
730,279,0
730,280,0
730,281,0
730,282,0
730,283,0
730,284,0
730,285,0
730,286,0
730,287,0
731,231,0
731,243,0
731,244,0
731,245,0
731,246,0
731,247,0
731,248,0
731,249,0
731,250,0
731,251,0
731,264,0
731,265,0
731,266,0
731,267,0
731,268,0
731,269,0
731,270,0
731,271,0
731,272,0
731,273,0
731,274,0
731,275,0
731,276,0
731,277,0
731,278,0
731,279,0
731,280,0
731,281,0
731,282,0
731,283,0
731,284,0
731,285,0
731,286,0
731,287,0
731,288,0
731,289,0
731,290,0
731,291,0
732,231,0
732,232,0
732,233,0
732,234,0
732,243,0
732,244,0
732,245,0
732,246,0
732,247,0
732,248,0
732,249,0
732,250,0
732,251,0
732,254,0
732,255,0
732,265,0
732,266,0
732,267,0
732,268,0
732,269,0
732,270,0
732,271,0
732,272,0
732,273,0
732,274,0
732,275,0
732,276,0
732,277,0
732,278,0
732,279,0
732,280,0
732,281,0
732,282,0
732,283,0
732,284,0
732,285,0
732,286,0
732,287,0
732,288,0
732,289,0
732,290,0
732,291,0
733,228,0
733,231,0
733,232,0
733,233,0
733,234,0
733,243,0
733,244,0
733,245,0
733,246,0
733,247,0
733,248,0
733,250,0
733,256,0
733,257,0
733,258,0
733,260,0
733,261,0
733,262,0
733,263,0
733,264,0
733,278,0
733,279,0
733,280,0
733,281,0
733,282,0
733,283,0
733,284,0
733,285,0
733,286,0
733,287,0
733,290,0
733,291,0
734,231,0
734,232,0
734,233,0
734,234,0
734,243,0
734,244,0
734,245,0
734,246,0
734,260,0
734,261,0
734,262,0
734,263,0
734,264,0
734,266,0
734,276,0
734,277,0
734,278,0
734,279,0
734,280,0
734,281,0
734,282,0
734,283,0
734,284,0
734,285,0
734,286,0
734,287,0
734,288,0
734,291,0
735,221,0
735,256,0
735,257,0
735,258,0
735,259,0
735,260,0
735,261,0
735,262,0
735,263,0
735,264,0
735,265,0
735,266,0
735,267,0
736,223,0
736,229,0
736,256,0
736,257,0
736,258,0
736,259,0
736,260,0
736,261,0
736,262,0
736,263,0
736,264,0
736,265,0
736,266,0
737,256,0
737,257,0
737,258,0
737,259,0
737,260,0
737,265,0
737,269,0
737,270,0
738,256,0
738,257,0
738,258,0
738,259,0
738,260,0
738,261,0
738,262,0
738,263,0
738,264,0
740,239,0
740,240,0
740,241,0
740,242,0
741,239,0
741,240,0
741,241,0
741,242,0
742,239,0
742,240,0
742,241,0
742,242,0
742,246,0
742,247,0
742,248,0
742,249,0
742,250,0
742,251,0
742,265,0
742,266,0
742,267,0
743,239,0
743,241,0
743,242,0
743,243,0
743,244,0
743,245,0
743,246,0
743,247,0
743,248,0
743,249,0
743,250,0
743,251,0
743,264,0
746,234,0
747,231,0
747,232,0
747,233,0
747,234,0
748,231,0
748,232,0
748,233,0
748,234,0
749,231,0
749,232,0
749,233,0
749,234,0
750,231,0
750,232,0
750,233,0
750,234,0
750,257,0
750,259,0
750,260,0
750,261,0
750,262,0
750,263,0
750,264,0
750,265,0
750,266,0
750,267,0
750,268,0
750,269,0
750,270,0
750,271,0
750,272,0
750,273,0
750,274,0
750,275,0
750,276,0
750,277,0
750,278,0
750,279,0
750,280,0
750,281,0
750,282,0
750,283,0
750,284,0
750,285,0
750,286,0
750,287,0
750,288,0
750,289,0
750,290,0
750,291,0
750,292,0
750,293,0
750,294,0
750,295,0
750,296,0
750,297,0
750,298,0
751,231,0
751,232,0
751,233,0
751,234,0
751,256,0
751,257,0
751,258,0
752,231,0
752,232,0
752,233,0
752,234,0
752,258,0
753,232,0
753,234,0
753,296,0
753,297,0
753,298,0
753,299,0
753,301,0
754,296,0
754,297,0
754,298,0
754,299,0
754,300,0
754,301,0
755,231,0
755,232,0
755,233,0
757,269,0
757,270,0
758,233,0
759,237,0
759,238,0
760,284,0
760,285,0
760,286,0
760,287,0
761,285,0
761,286,0
761,287,0
762,235,0
762,236,0
762,276,0
762,278,0
762,279,0
762,280,0
762,281,0
762,282,0
762,283,0
763,229,0
763,235,0
763,236,0
763,237,0
763,238,0
763,276,0
763,277,0
763,278,0
763,279,0
763,280,0
763,281,0
763,282,0
763,283,0
764,235,0
764,236,0
764,237,0
764,238,0
764,264,0
764,265,0
764,266,0
764,267,0
764,268,0
764,271,0
764,276,0
764,277,0
764,278,0
764,279,0
765,235,0
765,236,0
765,237,0
765,238,0
765,240,0
765,264,0
765,266,0
765,268,0
765,269,0
765,270,0
765,271,0
765,273,0
765,274,0
765,275,0
765,276,0
765,277,0
765,278,0
765,279,0
766,268,0
766,269,0
766,270,0
766,271,0
766,272,0
766,273,0
766,274,0
766,275,0
767,268,0
767,269,0
767,270,0
767,271,0
767,272,0
767,273,0
767,274,0
767,275,0
775,235,0
775,236,0
775,237,0
775,238,0
776,235,0
776,236,0
776,237,0
776,238,0
777,231,0
777,232,0
777,233,0
777,234,0
777,235,0
777,236,0
777,237,0
777,238,0
778,231,0
778,232,0
778,233,0
778,234,0
778,235,0
778,236,0
778,237,0
778,238,0
778,250,0
779,231,0
779,232,0
779,233,0
779,234,0
779,235,0
779,244,0
779,247,0
780,232,0
780,252,0
780,253,0
780,254,0
780,255,0
780,256,0
780,257,0
780,258,0
780,259,0
781,234,0
781,252,0
781,253,0
781,254,0
781,255,0
781,256,0
781,257,0
781,258,0
781,259,0
781,260,0
782,224,0
782,226,0
782,240,0
782,241,0
782,242,0
782,243,0
782,244,0
782,245,0
782,246,0
782,247,0
782,248,0
782,249,0
782,250,0
782,251,0
782,260,0
782,261,0
782,262,0
782,263,0
782,264,0
782,265,0
782,266,0
782,267,0
782,268,0
783,224,0
783,225,0
783,226,0
783,242,0
783,243,0
783,244,0
783,245,0
783,246,0
783,247,0
783,248,0
783,249,0
783,250,0
783,260,0
783,261,0
783,262,0
783,263,0
783,264,0
783,265,0
783,266,0
783,267,0
784,223,0
784,224,0
784,225,0
784,226,0
784,243,0
784,244,0
784,245,0
784,246,0
784,247,0
784,248,0
784,249,0
784,250,0
784,251,0
784,252,0
784,253,0
784,254,0
784,255,0
784,256,0
784,257,0
784,258,0
784,259,0
784,260,0
784,261,0
784,262,0
784,267,0
784,268,0
784,269,0
784,270,0
784,271,0
785,223,0
785,224,0
785,225,0
785,226,0
785,243,0
785,244,0
785,245,0
785,246,0
785,247,0
785,248,0
785,249,0
785,250,0
785,251,0
785,252,0
785,253,0
785,254,0
785,255,0
785,256,0
785,257,0
785,258,0
785,259,0
785,260,0
785,261,0
785,262,0
785,263,0
785,266,0
785,268,0
785,269,0
785,270,0
785,271,0
786,223,0
786,224,0
786,225,0
786,226,0
786,265,0
786,267,0
786,272,0
786,273,0
786,274,0
786,275,0
787,223,0
787,224,0
787,225,0
787,226,0
787,264,0
787,265,0
787,266,0
787,272,0
787,273,0
787,274,0
787,275,0
788,241,0
788,249,0
788,252,0
788,253,0
788,254,0
788,255,0
788,256,0
788,257,0
788,258,0
788,259,0
788,260,0
788,261,0
788,262,0
788,263,0
788,268,0
788,269,0
788,270,0
788,271,0
789,243,0
789,244,0
789,245,0
789,246,0
789,247,0
789,248,0
789,249,0
789,250,0
789,251,0
789,268,0
789,269,0
789,270,0
789,271,0
790,243,0
790,244,0
790,245,0
790,246,0
790,247,0
790,248,0
790,249,0
790,250,0
790,251,0
790,268,0
790,269,0
790,270,0
790,271,0
790,272,0
790,277,0
791,223,0
791,252,0
791,253,0
791,254,0
791,255,0
791,256,0
791,257,0
791,258,0
791,259,0
791,260,0
791,261,0
791,262,0
791,263,0
791,273,0
791,274,0
791,275,0
792,219,0
792,223,0
792,224,0
792,225,0
792,252,0
792,253,0
792,254,0
792,255,0
792,256,0
792,257,0
792,258,0
792,259,0
792,260,0
792,261,0
792,262,0
792,263,0
792,272,0
792,273,0
793,219,0
793,220,0
793,221,0
793,222,0
793,223,0
793,224,0
793,225,0
793,226,0
793,227,0
793,228,0
793,229,0
793,230,0
793,243,0
793,244,0
793,245,0
793,246,0
793,247,0
793,248,0
793,249,0
793,250,0
793,251,0
793,252,0
793,253,0
793,254,0
793,255,0
793,256,0
793,257,0
793,258,0
793,259,0
793,262,0
794,219,0
794,220,0
794,221,0
794,222,0
794,223,0
794,224,0
794,225,0
794,226,0
794,227,0
794,228,0
794,229,0
794,230,0
794,243,0
794,244,0
794,245,0
794,246,0
794,247,0
794,248,0
794,249,0
794,250,0
794,251,0
794,252,0
794,253,0
794,254,0
794,255,0
794,256,0
794,257,0
794,258,0
794,259,0
795,219,0
795,220,0
795,223,0
795,224,0
795,225,0
795,226,0
795,227,0
795,228,0
795,229,0
795,230,0
795,259,0
795,263,0
796,220,0
796,221,0
796,222,0
796,223,0
796,224,0
796,225,0
796,226,0
796,227,0
796,228,0
796,229,0
796,230,0
796,265,0
796,266,0
804,234,0
845,229,0
845,230,0
847,227,0
847,228,0
847,229,0
847,230,0
848,227,0
848,228,0
848,229,0
848,230,0
849,227,0
849,228,0
849,229,0
849,230,0
850,227,0
850,228,0
850,229,0
850,230,0
851,227,0
851,228,0
851,229,0
851,230,0
852,227,0
852,228,0
852,229,0
852,230,0
853,224,0
853,226,0
853,227,0
853,228,0
853,229,0
853,230,0
854,223,0
854,224,0
854,225,0
854,226,0
854,227,0
854,228,0
854,229,0
854,230,0
855,223,0
855,224,0
855,225,0
855,226,0
855,227,0
855,228,0
855,229,0
855,230,0
856,223,0
856,224,0
856,225,0
856,226,0
856,227,0
856,228,0
856,229,0
856,230,0
857,223,0
857,224,0
857,225,0
857,226,0
857,227,0
857,228,0
857,229,0
857,230,0
858,223,0
858,224,0
858,225,0
858,226,0
858,227,0
858,228,0
859,223,0
859,224,0
859,225,0
859,226,0
859,227,0
859,228,0
859,230,0
860,223,0
860,224,0
860,225,0
860,226,0
860,228,0
860,230,0
861,223,0
861,224,0
861,225,0
861,226,0
861,228,0
862,223,0
862,224,0
862,225,0
862,226,0
1095,1041,0
1095,1042,0
1095,1043,0
1095,1044,0
1095,1045,0
1095,1046,0
1095,1047,0
1095,1048,0
1096,1041,0
1096,1042,0
1096,1043,0
1096,1044,0
1096,1045,0
1096,1046,0
1096,1047,0
1096,1048,0
1097,1037,0
1097,1038,0
1097,1039,0
1097,1040,0
1097,1041,0
1097,1042,0
1097,1043,0
1097,1044,0
1097,1045,0
1097,1046,0
1097,1047,0
1097,1048,0
1097,1049,0
1097,1050,0
1097,1051,0
1097,1052,0
1097,1053,0
1097,1054,0
1098,1037,0
1098,1038,0
1098,1039,0
1098,1040,0
1098,1041,0
1098,1042,0
1098,1043,0
1098,1044,0
1098,1045,0
1098,1046,0
1098,1047,0
1098,1048,0
1099,1037,0
1099,1038,0
1099,1039,0
1099,1040,0
1099,1041,0
1099,1042,0
1099,1043,0
1099,1044,0
1099,1045,0
1099,1046,0
1099,1047,0
1099,1048,0
1100,1037,0
1100,1038,0
1100,1039,0
1100,1040,0
1100,1041,0
1100,1042,0
1100,1043,0
1100,1044,0
1100,1045,0
1100,1046,0
1100,1047,0
1100,1048,0
1101,1037,0
1101,1038,0
1101,1039,0
1101,1040,0
1101,1041,0
1101,1042,0
1101,1043,0
1101,1044,0
1101,1045,0
1101,1046,0
1101,1047,0
1101,1048,0
1102,1037,0
1102,1038,0
1102,1039,0
1102,1040,0
1102,1041,0
1102,1042,0
1102,1043,0
1102,1044,0
1102,1045,0
1102,1046,0
1102,1047,0
1102,1048,0
1103,1037,0
1103,1038,0
1103,1039,0
1103,1040,0
1103,1041,0
1103,1042,0
1103,1043,0
1103,1044,0
1103,1045,0
1103,1046,0
1103,1047,0
1103,1048,0
1104,1037,0
1104,1038,0
1104,1039,0
1104,1040,0
1104,1041,0
1104,1042,0
1104,1043,0
1104,1044,0
1104,1045,0
1104,1046,0
1104,1047,0
1104,1048,0
1105,1037,0
1105,1038,0
1105,1039,0
1105,1040,0
1105,1041,0
1105,1042,0
1105,1043,0
1105,1044,0
1105,1045,0
1105,1046,0
1105,1047,0
1105,1048,0
1106,1041,0
1106,1042,0
1106,1043,0
1106,1044,0
1106,1045,0
1106,1046,0
1106,1047,0
1106,1048,0
1107,1041,0
1107,1042,0
1107,1043,0
1107,1044,0
1107,1045,0
1107,1046,0
1107,1047,0
1107,1048,0
1108,1045,0
1108,1046,0
1108,1047,0
1108,1048,0
1117,1069,0
1117,1070,0
1117,1071,0
1117,1072,0
1117,1073,0
1117,1074,0
1117,1075,0
1117,1076,0
1117,1077,0
1117,1078,0
1117,1079,0
1117,1080,0
1117,1081,0
1117,1082,0
1117,1083,0
1117,1084,0
1117,1085,0
1118,1065,0
1118,1066,0
1118,1067,0
1118,1068,0
1118,1069,0
1118,1070,0
1118,1071,0
1118,1072,0
1118,1073,0
1118,1074,0
1118,1075,0
1118,1076,0
1118,1077,0
1118,1078,0
1118,1079,0
1118,1080,0
1118,1081,0
1118,1082,0
1118,1083,0
1118,1084,0
1118,1085,0
1118,1086,0
1118,1087,0
1118,1088,0
1118,1089,0
1119,1065,0
1119,1066,0
1119,1067,0
1119,1068,0
1119,1069,0
1119,1070,0
1119,1071,0
1119,1072,0
1119,1073,0
1119,1074,0
1119,1075,0
1119,1076,0
1119,1077,0
1119,1078,0
1119,1079,0
1119,1080,0
1119,1081,0
1119,1082,0
1119,1083,0
1119,1084,0
1119,1085,0
1119,1086,0
1119,1087,0
1119,1088,0
1119,1089,0
1120,1065,0
1120,1066,0
1120,1067,0
1120,1068,0
1120,1069,0
1120,1070,0
1120,1071,0
1120,1072,0
1120,1073,0
1120,1074,0
1120,1075,0
1120,1076,0
1120,1077,0
1120,1078,0
1120,1079,0
1120,1080,0
1120,1081,0
1120,1082,0
1120,1083,0
1120,1084,0
1120,1085,0
1120,1086,0
1120,1087,0
1120,1088,0
1120,1089,0
1120,1090,0
1121,1065,0
1121,1066,0
1121,1067,0
1121,1068,0
1121,1069,0
1121,1070,0
1121,1071,0
1121,1072,0
1121,1073,0
1121,1074,0
1121,1075,0
1121,1076,0
1121,1077,0
1121,1078,0
1121,1079,0
1121,1080,0
1121,1081,0
1121,1082,0
1121,1083,0
1121,1084,0
1121,1085,0
1121,1086,0
1121,1087,0
1121,1088,0
1121,1089,0
1121,1090,0
1121,1092,0
1121,1093,0
