659,229,0
661,220,0
661,221,0
663,219,0
663,220,0
663,221,0
663,222,0
664,219,0
664,220,0
664,221,0
668,219,0
668,221,0
669,219,0
669,221,0
670,219,0
670,220,0
670,221,0
670,222,0
670,224,0
670,225,0
670,226,0
670,662,0
670,663,0
670,664,0
670,665,0
670,666,0
670,667,0
670,668,0
670,669,0
670,670,0
670,671,0
670,672,0
671,219,0
671,220,0
671,221,0
671,222,0
671,224,0
671,662,0
671,663,0
671,664,0
671,665,0
671,666,0
671,667,0
671,668,0
671,669,0
671,670,0
671,671,0
671,672,0
671,673,0
671,674,0
672,658,0
672,659,0
672,660,0
672,661,0
672,662,0
672,663,0
672,664,0
672,665,0
672,666,0
672,667,0
672,668,0
672,669,0
672,670,0
672,671,0
672,672,0
672,673,0
672,674,0
672,675,0
672,676,0
672,677,0
672,678,0
673,658,0
673,659,0
673,660,0
673,661,0
673,662,0
673,663,0
673,664,0
673,665,0
673,666,0
673,667,0
673,668,0
673,669,0
673,670,0
673,671,0
673,672,0
673,673,0
673,674,0
673,675,0
673,676,0
673,677,0
673,678,0
674,219,0
674,220,0
674,221,0
674,222,0
674,659,0
674,660,0
674,662,0
674,663,0
674,664,0
674,665,0
674,666,0
674,667,0
674,668,0
674,669,0
674,670,0
674,671,0
674,672,0
674,673,0
674,674,0
674,675,0
674,676,0
674,677,0
674,678,0
675,219,0
675,221,0
675,222,0
675,223,0
675,224,0
675,626,0
675,627,0
675,628,0
675,629,0
675,674,0
676,219,0
676,220,0
676,221,0
676,222,0
676,223,0
676,225,0
676,226,0
676,622,0
676,623,0
676,624,0
676,625,0
676,626,0
676,627,0
676,628,0
676,629,0
677,223,0
677,224,0
677,225,0
677,226,0
677,227,0
677,228,0
677,229,0
677,230,0
677,618,0
677,619,0
677,620,0
677,621,0
677,622,0
677,623,0
677,624,0
677,625,0
677,626,0
677,627,0
677,628,0
677,629,0
677,630,0
677,631,0
677,632,0
677,633,0
677,634,0
677,635,0
677,636,0
677,637,0
678,223,0
678,224,0
678,225,0
678,226,0
678,227,0
678,228,0
678,229,0
678,230,0
678,618,0
678,619,0
678,620,0
678,621,0
678,622,0
678,623,0
678,624,0
678,625,0
678,626,0
678,627,0
678,628,0
678,629,0
678,630,0
678,631,0
678,632,0
678,633,0
678,634,0
678,635,0
678,636,0
678,637,0
679,219,0
679,220,0
679,221,0
679,222,0
679,223,0
679,224,0
679,225,0
679,226,0
679,227,0
679,228,0
679,229,0
679,230,0
679,618,0
679,619,0
679,620,0
679,622,0
679,623,0
679,624,0
679,625,0
679,626,0
679,627,0
679,628,0
679,629,0
679,630,0
679,631,0
679,632,0
679,633,0
679,634,0
679,635,0
679,636,0
679,637,0
680,219,0
680,220,0
680,221,0
680,222,0
680,223,0
680,224,0
680,225,0
680,226,0
680,227,0
680,228,0
680,229,0
680,230,0
680,619,0
680,620,0
680,622,0
680,623,0
680,624,0
680,625,0
680,626,0
680,627,0
680,628,0
680,629,0
680,630,0
680,631,0
680,632,0
680,633,0
680,634,0
680,635,0
680,636,0
680,637,0
681,219,0
681,220,0
681,222,0
681,224,0
681,627,0
681,628,0
682,220,0
682,221,0
682,222,0
682,226,0
682,627,0
682,628,0
686,772,0
686,773,0
686,774,0
686,775,0
686,776,0
686,777,0
686,778,0
686,779,0
686,780,0
686,781,0
686,782,0
686,783,0
686,784,0
686,785,0
686,786,0
686,787,0
686,788,0
686,789,0
686,790,0
686,791,0
686,792,0
687,772,0
687,773,0
687,774,0
687,775,0
687,776,0
687,777,0
687,778,0
687,779,0
687,780,0
687,781,0
687,782,0
687,783,0
687,784,0
687,785,0
687,786,0
687,787,0
687,788,0
687,789,0
687,790,0
687,791,0
687,792,0
688,772,0
688,773,0
688,774,0
688,775,0
688,776,0
688,777,0
688,778,0
688,779,0
688,780,0
688,781,0
688,782,0
688,783,0
688,784,0
688,785,0
688,786,0
688,787,0
688,788,0
688,789,0
688,790,0
688,791,0
688,792,0
688,793,0
688,794,0
688,795,0
688,796,0
689,772,0
689,773,0
689,774,0
689,775,0
689,776,0
689,777,0
689,778,0
689,779,0
689,780,0
689,781,0
689,782,0
689,783,0
689,784,0
689,785,0
689,786,0
689,787,0
689,788,0
689,789,0
689,790,0
689,791,0
689,792,0
689,793,0
689,794,0
689,795,0
689,796,0
690,406,0
690,407,0
690,412,0
690,743,0
690,744,0
690,776,0
690,777,0
690,778,0
690,779,0
690,780,0
690,781,0
690,782,0
690,783,0
690,784,0
690,785,0
690,786,0
690,787,0
690,788,0
690,789,0
690,790,0
690,791,0
690,792,0
690,793,0
690,794,0
690,795,0
690,796,0
691,407,0
691,409,0
691,741,0
691,746,0
691,776,0
691,777,0
691,778,0
691,779,0
691,780,0
691,781,0
691,782,0
691,783,0
691,784,0
691,785,0
691,786,0
691,787,0
691,788,0
691,789,0
691,790,0
691,791,0
691,792,0
691,793,0
691,794,0
691,795,0
691,796,0
692,395,0
692,396,0
692,397,0
692,401,0
692,737,0
692,738,0
692,739,0
692,740,0
692,741,0
692,742,0
692,743,0
692,744,0
692,745,0
692,746,0
692,747,0
692,748,0
692,749,0
692,750,0
692,751,0
692,752,0
692,753,0
692,754,0
692,755,0
692,781,0
692,782,0
692,785,0
692,786,0
692,787,0
692,788,0
692,789,0
692,790,0
692,791,0
692,792,0
693,358,0
693,359,0
693,360,0
693,361,0
693,362,0
693,363,0
693,364,0
693,365,0
693,366,0
693,367,0
693,368,0
693,369,0
693,736,0
693,737,0
693,738,0
693,739,0
693,740,0
693,741,0
693,742,0
693,743,0
693,744,0
693,745,0
693,746,0
693,747,0
693,748,0
693,749,0
693,750,0
693,751,0
693,752,0
693,753,0
693,754,0
693,755,0
693,756,0
693,757,0
693,758,0
693,759,0
694,358,0
694,359,0
694,360,0
694,361,0
694,362,0
694,363,0
694,364,0
694,365,0
694,366,0
694,367,0
694,368,0
694,369,0
694,736,0
694,737,0
694,738,0
694,739,0
694,740,0
694,741,0
694,742,0
694,743,0
694,744,0
694,745,0
694,746,0
694,747,0
694,748,0
694,749,0
694,750,0
694,751,0
694,752,0
694,753,0
694,754,0
694,755,0
694,756,0
694,757,0
694,758,0
694,759,0
695,353,0
695,354,0
695,355,0
695,356,0
695,361,0
695,362,0
695,363,0
695,365,0
695,366,0
695,367,0
695,368,0
695,369,0
695,370,0
695,371,0
695,372,0
695,373,0
695,374,0
695,375,0
695,376,0
695,377,0
695,378,0
695,379,0
695,380,0
695,381,0
695,382,0
695,740,0
695,741,0
695,742,0
695,743,0
695,744,0
695,745,0
695,746,0
695,747,0
695,748,0
695,749,0
695,750,0
695,751,0
695,752,0
695,753,0
695,754,0
695,755,0
695,756,0
695,757,0
695,758,0
695,759,0
696,353,0
696,354,0
696,355,0
696,356,0
696,361,0
696,362,0
696,363,0
696,364,0
696,365,0
696,366,0
696,367,0
696,368,0
696,369,0
696,370,0
696,371,0
696,372,0
696,373,0
696,374,0
696,375,0
696,376,0
696,377,0
696,378,0
696,379,0
696,380,0
696,381,0
696,399,0
696,740,0
696,741,0
696,742,0
696,743,0
696,744,0
696,745,0
696,746,0
696,747,0
696,748,0
696,749,0
696,750,0
696,751,0
696,752,0
696,753,0
696,754,0
696,755,0
696,756,0
696,757,0
696,758,0
696,759,0
697,361,0
697,362,0
697,363,0
697,364,0
697,365,0
697,366,0
697,367,0
697,368,0
697,369,0
697,370,0
697,371,0
697,372,0
697,373,0
697,374,0
697,375,0
697,376,0
697,377,0
697,382,0
697,748,0
697,749,0
697,750,0
697,751,0
697,752,0
697,753,0
697,754,0
697,755,0
698,361,0
698,362,0
698,363,0
698,364,0
698,365,0
698,366,0
698,367,0
698,368,0
698,369,0
698,370,0
698,371,0
698,372,0
698,373,0
698,374,0
698,375,0
698,376,0
698,377,0
698,384,0
698,385,0
698,748,0
698,749,0
698,750,0
698,751,0
698,752,0
699,357,0
699,358,0
699,359,0
699,360,0
699,361,0
699,362,0
699,363,0
699,364,0
699,365,0
699,366,0
699,367,0
699,368,0
699,369,0
699,370,0
699,371,0
699,372,0
699,373,0
699,378,0
699,379,0
699,380,0
700,342,0
700,343,0
700,357,0
700,358,0
700,359,0
700,360,0
700,361,0
700,362,0
700,363,0
700,364,0
700,365,0
700,366,0
700,367,0
700,368,0
700,369,0
700,370,0
700,371,0
700,372,0
700,373,0
700,377,0
700,379,0
700,380,0
700,381,0
701,337,0
701,338,0
701,339,0
701,340,0
701,341,0
701,342,0
701,343,0
701,344,0
701,346,0
701,347,0
701,348,0
701,361,0
701,362,0
701,363,0
701,365,0
701,366,0
701,367,0
701,368,0
701,369,0
701,370,0
701,371,0
701,372,0
701,373,0
701,374,0
701,375,0
701,376,0
701,377,0
701,378,0
701,379,0
701,380,0
701,381,0
701,382,0
701,383,0
701,384,0
701,385,0
701,386,0
701,387,0
701,388,0
701,389,0
701,402,0
701,403,0
701,404,0
701,405,0
702,337,0
702,338,0
702,339,0
702,340,0
702,341,0
702,342,0
702,343,0
702,344,0
702,345,0
702,346,0
702,347,0
702,348,0
702,361,0
702,362,0
702,363,0
702,364,0
702,365,0
702,366,0
702,367,0
702,368,0
702,369,0
702,370,0
702,371,0
702,372,0
702,373,0
702,374,0
702,375,0
702,376,0
702,377,0
702,378,0
702,379,0
702,380,0
702,381,0
702,382,0
702,383,0
702,384,0
702,385,0
702,386,0
702,387,0
702,388,0
702,389,0
702,398,0
702,399,0
702,400,0
702,401,0
702,402,0
702,403,0
702,404,0
702,405,0
703,337,0
703,338,0
703,339,0
703,340,0
703,341,0
703,342,0
703,343,0
703,344,0
703,345,0
703,346,0
703,347,0
703,348,0
703,357,0
703,358,0
703,359,0
703,360,0
703,361,0
703,362,0
703,363,0
703,364,0
703,365,0
703,366,0
703,367,0
703,368,0
703,370,0
703,371,0
703,372,0
703,373,0
703,376,0
703,377,0
703,388,0
703,389,0
703,390,0
703,391,0
703,392,0
703,393,0
703,394,0
703,395,0
703,396,0
703,397,0
703,398,0
703,399,0
703,400,0
703,401,0
703,402,0
704,333,0
704,334,0
704,335,0
704,336,0
704,337,0
704,338,0
704,339,0
704,340,0
704,341,0
704,342,0
704,343,0
704,344,0
704,345,0
704,346,0
704,347,0
704,348,0
704,349,0
704,350,0
704,351,0
704,352,0
704,353,0
704,354,0
704,355,0
704,356,0
704,357,0
704,358,0
704,359,0
704,360,0
704,361,0
704,362,0
704,363,0
704,364,0
704,365,0
704,366,0
704,367,0
704,368,0
704,369,0
704,370,0
704,371,0
704,372,0
704,373,0
704,374,0
704,375,0
704,376,0
704,377,0
704,379,0
704,380,0
704,382,0
704,383,0
704,384,0
704,385,0
704,386,0
704,387,0
704,388,0
704,389,0
704,390,0
704,391,0
704,393,0
705,333,0
705,334,0
705,335,0
705,336,0
705,337,0
705,338,0
705,339,0
705,340,0
705,341,0
705,342,0
705,343,0
705,344,0
705,345,0
705,346,0
705,347,0
705,348,0
705,349,0
705,350,0
705,351,0
705,352,0
705,353,0
705,354,0
705,355,0
705,356,0
705,357,0
705,358,0
705,359,0
705,360,0
705,361,0
705,362,0
705,363,0
705,364,0
705,365,0
705,366,0
705,367,0
705,368,0
705,369,0
705,370,0
705,371,0
705,372,0
705,373,0
705,374,0
705,375,0
705,376,0
705,377,0
705,379,0
705,380,0
705,382,0
705,383,0
705,384,0
705,385,0
705,386,0
705,387,0
705,388,0
705,389,0
705,390,0
705,391,0
705,393,0
706,333,0
706,337,0
706,338,0
706,340,0
706,341,0
706,342,0
706,345,0
706,346,0
706,347,0
706,348,0
706,353,0
706,354,0
706,355,0
706,356,0
706,357,0
706,358,0
706,359,0
706,360,0
706,361,0
706,362,0
706,363,0
706,364,0
706,365,0
706,366,0
706,367,0
706,368,0
706,369,0
706,370,0
706,371,0
706,372,0
706,373,0
706,374,0
706,375,0
706,376,0
706,377,0
706,378,0
706,379,0
706,380,0
706,381,0
706,382,0
706,384,0
706,389,0
706,390,0
706,391,0
706,392,0
706,393,0
706,394,0
706,395,0
706,396,0
706,397,0
706,398,0
706,399,0
706,400,0
706,401,0
706,402,0
706,403,0
706,404,0
707,331,0
707,335,0
707,337,0
707,338,0
707,339,0
707,340,0
707,341,0
707,342,0
707,343,0
707,344,0
707,345,0
707,346,0
707,347,0
707,348,0
707,353,0
707,354,0
707,355,0
707,356,0
707,357,0
707,358,0
707,359,0
707,360,0
707,361,0
707,362,0
707,363,0
707,364,0
707,365,0
707,366,0
707,367,0
707,368,0
707,369,0
707,370,0
707,371,0
707,372,0
707,373,0
707,374,0
707,375,0
707,376,0
707,377,0
707,378,0
707,379,0
707,380,0
707,381,0
707,382,0
707,384,0
707,385,0
707,390,0
707,391,0
707,392,0
707,393,0
707,394,0
707,395,0
707,396,0
707,397,0
707,398,0
707,399,0
707,400,0
707,401,0
707,402,0
707,403,0
707,404,0
708,333,0
708,334,0
708,335,0
708,336,0
708,337,0
708,338,0
708,339,0
708,340,0
708,349,0
708,350,0
708,351,0
708,352,0
708,353,0
708,354,0
708,355,0
708,356,0
708,357,0
708,358,0
708,359,0
708,360,0
708,361,0
708,362,0
708,363,0
708,364,0
708,365,0
708,366,0
708,367,0
708,368,0
708,369,0
708,370,0
708,371,0
708,372,0
708,373,0
708,374,0
708,375,0
708,376,0
708,377,0
708,378,0
708,379,0
708,380,0
708,381,0
708,382,0
708,383,0
708,384,0
708,385,0
708,386,0
708,387,0
708,388,0
708,389,0
708,390,0
708,391,0
708,392,0
708,393,0
708,886,0
708,887,0
708,888,0
708,889,0
708,890,0
708,891,0
708,892,0
708,893,0
708,894,0
708,895,0
708,896,0
708,897,0
709,329,0
709,331,0
709,332,0
709,333,0
709,334,0
709,335,0
709,336,0
709,337,0
709,338,0
709,339,0
709,340,0
709,349,0
709,350,0
709,351,0
709,352,0
709,353,0
709,354,0
709,355,0
709,356,0
709,357,0
709,358,0
709,359,0
709,360,0
709,361,0
709,362,0
709,363,0
709,364,0
709,365,0
709,366,0
709,367,0
709,368,0
709,369,0
709,370,0
709,371,0
709,372,0
709,373,0
709,374,0
709,375,0
709,376,0
709,377,0
709,378,0
709,379,0
709,380,0
709,381,0
709,382,0
709,383,0
709,384,0
709,385,0
709,386,0
709,387,0
709,388,0
709,389,0
709,390,0
709,391,0
709,392,0
709,393,0
709,886,0
709,887,0
709,888,0
709,889,0
709,890,0
709,891,0
709,892,0
709,893,0
709,894,0
709,895,0
709,896,0
709,897,0
710,333,0
710,334,0
710,336,0
710,337,0
710,338,0
710,339,0
710,340,0
710,345,0
710,346,0
710,347,0
710,348,0
710,349,0
710,350,0
710,351,0
710,352,0
710,353,0
710,354,0
710,355,0
710,356,0
710,357,0
710,358,0
710,359,0
710,360,0
710,361,0
710,362,0
710,363,0
710,364,0
710,365,0
710,366,0
710,367,0
710,368,0
710,369,0
710,370,0
710,371,0
710,372,0
710,373,0
710,374,0
710,375,0
710,376,0
710,377,0
710,886,0
710,887,0
710,888,0
710,889,0
710,890,0
710,891,0
710,892,0
710,893,0
710,894,0
710,895,0
710,896,0
710,897,0
710,898,0
710,899,0
710,900,0
710,901,0
710,902,0
710,903,0
710,904,0
710,905,0
710,906,0
711,327,0
711,328,0
711,333,0
711,334,0
711,335,0
711,336,0
711,337,0
711,338,0
711,339,0
711,340,0
711,341,0
711,342,0
711,343,0
711,345,0
711,346,0
711,347,0
711,348,0
711,349,0
711,350,0
711,351,0
711,352,0
711,353,0
711,354,0
711,355,0
711,356,0
711,357,0
711,358,0
711,359,0
711,360,0
711,361,0
711,362,0
711,363,0
711,364,0
711,365,0
711,366,0
711,367,0
711,368,0
711,369,0
711,370,0
711,371,0
711,372,0
711,373,0
711,374,0
711,375,0
711,376,0
711,377,0
711,886,0
711,887,0
711,888,0
711,889,0
711,890,0
711,891,0
711,892,0
711,893,0
711,894,0
711,895,0
711,896,0
711,897,0
711,898,0
711,899,0
711,900,0
711,901,0
711,902,0
711,903,0
711,904,0
711,905,0
711,906,0
712,333,0
712,334,0
712,335,0
712,336,0
712,337,0
712,338,0
712,339,0
712,340,0
712,341,0
712,342,0
712,343,0
712,344,0
712,345,0
712,346,0
712,347,0
712,348,0
712,349,0
712,350,0
712,351,0
712,352,0
712,353,0
712,354,0
712,355,0
712,356,0
712,357,0
712,358,0
712,359,0
712,360,0
712,361,0
712,362,0
712,363,0
712,364,0
712,365,0
712,366,0
712,367,0
712,368,0
712,369,0
712,389,0
712,390,0
712,391,0
712,392,0
712,393,0
712,395,0
712,886,0
712,887,0
712,888,0
712,889,0
712,890,0
712,891,0
712,892,0
712,893,0
712,894,0
712,895,0
712,896,0
712,897,0
712,898,0
712,899,0
712,900,0
712,901,0
712,902,0
712,903,0
712,904,0
712,905,0
712,906,0
712,907,0
712,908,0
712,909,0
712,910,0
713,318,0
713,319,0
713,320,0
713,321,0
713,324,0
713,329,0
713,330,0
713,331,0
713,332,0
713,333,0
713,334,0
713,335,0
713,336,0
713,337,0
713,338,0
713,339,0
713,340,0
713,341,0
713,342,0
713,343,0
713,344,0
713,345,0
713,346,0
713,347,0
713,348,0
713,349,0
713,350,0
713,351,0
713,352,0
713,354,0
713,365,0
713,366,0
713,367,0
713,368,0
713,369,0
713,370,0
713,371,0
713,372,0
713,374,0
713,375,0
713,376,0
713,377,0
713,378,0
713,379,0
713,380,0
713,381,0
713,854,0
713,855,0
713,856,0
713,857,0
713,858,0
713,859,0
713,860,0
713,861,0
713,862,0
713,863,0
713,864,0
713,865,0
713,866,0
713,869,0
713,887,0
713,890,0
713,891,0
713,892,0
713,893,0
713,894,0
713,895,0
713,896,0
713,897,0
713,898,0
713,899,0
713,900,0
713,901,0
713,902,0
713,903,0
713,904,0
713,905,0
713,906,0
713,907,0
713,908,0
713,909,0
713,910,0
714,321,0
714,324,0
714,329,0
714,330,0
714,331,0
714,332,0
714,333,0
714,334,0
714,335,0
714,336,0
714,337,0
714,338,0
714,339,0
714,340,0
714,341,0
714,342,0
714,343,0
714,344,0
714,345,0
714,346,0
714,347,0
714,348,0
714,349,0
714,350,0
714,351,0
714,352,0
714,353,0
714,354,0
714,365,0
714,366,0
714,367,0
714,368,0
714,369,0
714,372,0
714,373,0
714,375,0
714,376,0
714,377,0
714,378,0
714,379,0
714,380,0
714,381,0
714,382,0
714,383,0
714,384,0
714,854,0
714,855,0
714,856,0
714,857,0
714,858,0
714,859,0
714,860,0
714,861,0
714,862,0
714,863,0
714,864,0
714,865,0
714,866,0
714,867,0
714,869,0
714,890,0
714,891,0
714,892,0
714,893,0
714,894,0
714,895,0
714,896,0
714,897,0
714,898,0
714,899,0
714,900,0
714,901,0
714,902,0
714,903,0
714,904,0
714,905,0
714,906,0
714,907,0
714,908,0
714,909,0
714,910,0
715,317,0
715,318,0
715,319,0
715,320,0
715,329,0
715,330,0
715,331,0
715,332,0
715,333,0
715,334,0
715,335,0
715,336,0
715,337,0
715,338,0
715,339,0
715,340,0
715,341,0
715,342,0
715,343,0
715,344,0
715,345,0
715,346,0
715,347,0
715,348,0
715,349,0
715,350,0
715,351,0
715,352,0
715,353,0
715,354,0
715,355,0
715,356,0
715,357,0
715,358,0
715,359,0
715,360,0
715,361,0
715,362,0
715,363,0
715,364,0
715,365,0
715,366,0
715,367,0
715,368,0
715,369,0
715,370,0
715,371,0
715,372,0
715,382,0
715,383,0
715,384,0
715,385,0
715,386,0
715,387,0
715,388,0
715,389,0
715,390,0
715,391,0
715,392,0
715,393,0
715,394,0
715,395,0
715,396,0
715,397,0
715,398,0
715,399,0
715,400,0
715,401,0
715,402,0
715,403,0
715,404,0
715,405,0
715,406,0
715,407,0
715,408,0
715,409,0
715,854,0
715,855,0
715,856,0
715,857,0
715,858,0
715,859,0
715,860,0
715,861,0
715,862,0
715,863,0
715,864,0
715,865,0
715,866,0
715,867,0
715,868,0
715,869,0
715,870,0
715,871,0
715,872,0
715,873,0
715,894,0
715,895,0
715,896,0
715,897,0
715,898,0
715,899,0
715,900,0
715,901,0
715,902,0
715,903,0
715,904,0
715,905,0
715,906,0
716,317,0
716,318,0
716,319,0
716,320,0
716,329,0
716,330,0
716,331,0
716,332,0
716,333,0
716,334,0
716,335,0
716,336,0
716,337,0
716,338,0
716,339,0
716,340,0
716,341,0
716,342,0
716,343,0
716,344,0
716,345,0
716,346,0
716,347,0
716,348,0
716,349,0
716,350,0
716,351,0
716,352,0
716,353,0
716,354,0
716,355,0
716,356,0
716,357,0
716,358,0
716,359,0
716,360,0
716,361,0
716,362,0
716,363,0
716,364,0
716,365,0
716,366,0
716,367,0
716,368,0
716,369,0
716,370,0
716,371,0
716,372,0
716,373,0
716,382,0
716,383,0
716,384,0
716,385,0
716,386,0
716,387,0
716,388,0
716,389,0
716,390,0
716,391,0
716,392,0
716,393,0
716,394,0
716,395,0
716,396,0
716,397,0
716,398,0
716,399,0
716,400,0
716,401,0
716,402,0
716,403,0
716,404,0
716,405,0
716,406,0
716,407,0
716,408,0
716,850,0
716,851,0
716,852,0
716,853,0
716,854,0
716,855,0
716,856,0
716,857,0
716,858,0
716,859,0
716,860,0
716,861,0
716,862,0
716,863,0
716,864,0
716,865,0
716,866,0
716,867,0
716,868,0
716,869,0
716,870,0
716,871,0
716,872,0
716,873,0
716,894,0
716,895,0
716,896,0
716,897,0
716,898,0
716,899,0
716,900,0
716,901,0
716,902,0
716,903,0
716,904,0
716,905,0
716,906,0
717,313,0
717,314,0
717,315,0
717,316,0
717,317,0
717,318,0
717,319,0
717,320,0
717,326,0
717,329,0
717,330,0
717,331,0
717,332,0
717,333,0
717,334,0
717,335,0
717,336,0
717,337,0
717,338,0
717,339,0
717,340,0
717,341,0
717,342,0
717,343,0
717,344,0
717,347,0
717,348,0
717,357,0
717,358,0
717,359,0
717,360,0
717,361,0
717,362,0
717,363,0
717,364,0
717,365,0
717,366,0
717,367,0
717,368,0
717,369,0
717,370,0
717,371,0
717,372,0
717,373,0
717,374,0
717,375,0
717,376,0
717,377,0
717,854,0
717,855,0
717,856,0
717,857,0
717,858,0
717,859,0
717,860,0
717,861,0
717,862,0
717,863,0
717,864,0
717,865,0
717,866,0
717,867,0
717,868,0
717,869,0
717,870,0
717,871,0
717,872,0
717,873,0
717,876,0
718,313,0
718,314,0
718,315,0
718,316,0
718,317,0
718,318,0
718,319,0
718,320,0
718,326,0
718,327,0
718,328,0
718,329,0
718,330,0
718,331,0
718,332,0
718,333,0
718,334,0
718,335,0
718,336,0
718,337,0
718,338,0
718,339,0
718,340,0
718,341,0
718,342,0
718,343,0
718,344,0
718,345,0
718,346,0
718,347,0
718,348,0
718,357,0
718,358,0
718,359,0
718,360,0
718,361,0
718,362,0
718,363,0
718,364,0
718,365,0
718,366,0
718,367,0
718,368,0
718,369,0
718,370,0
718,371,0
718,372,0
718,373,0
718,374,0
718,375,0
718,376,0
718,377,0
718,854,0
718,855,0
718,856,0
718,857,0
718,858,0
718,859,0
718,860,0
718,861,0
718,862,0
718,863,0
718,864,0
718,865,0
718,866,0
718,867,0
718,868,0
718,869,0
718,870,0
718,871,0
718,872,0
718,873,0
718,874,0
718,875,0
719,317,0
719,320,0
719,325,0
719,326,0
719,327,0
719,328,0
719,329,0
719,330,0
719,331,0
719,332,0
719,333,0
719,334,0
719,335,0
719,336,0
719,337,0
719,338,0
719,339,0
719,340,0
719,341,0
719,342,0
719,343,0
719,344,0
719,349,0
719,350,0
719,351,0
719,352,0
719,353,0
719,354,0
719,355,0
719,356,0
719,357,0
719,358,0
719,359,0
719,360,0
719,361,0
719,362,0
719,363,0
719,364,0
719,365,0
719,366,0
719,367,0
719,368,0
719,369,0
719,370,0
719,371,0
719,372,0
719,373,0
719,384,0
719,385,0
719,388,0
719,389,0
719,392,0
719,393,0
719,854,0
719,858,0
719,859,0
719,860,0
719,861,0
719,862,0
719,863,0
719,864,0
719,865,0
719,866,0
719,867,0
719,868,0
719,869,0
719,870,0
719,871,0
719,872,0
719,873,0
720,314,0
720,315,0
720,317,0
720,325,0
720,326,0
720,327,0
720,328,0
720,329,0
720,330,0
720,331,0
720,332,0
720,333,0
720,334,0
720,335,0
720,336,0
720,337,0
720,338,0
720,339,0
720,340,0
720,341,0
720,342,0
720,343,0
720,344,0
720,349,0
720,350,0
720,351,0
720,352,0
720,353,0
720,354,0
720,355,0
720,356,0
720,357,0
720,358,0
720,359,0
720,360,0
720,361,0
720,362,0
720,363,0
720,364,0
720,365,0
720,366,0
720,367,0
720,368,0
720,369,0
720,370,0
720,371,0
720,372,0
720,373,0
720,374,0
720,375,0
720,376,0
720,384,0
720,385,0
720,388,0
720,389,0
720,390,0
720,391,0
720,392,0
720,854,0
720,858,0
720,859,0
720,860,0
720,861,0
720,862,0
720,863,0
720,864,0
720,865,0
720,866,0
720,867,0
720,868,0
720,869,0
720,870,0
720,871,0
720,872,0
720,873,0
721,310,0
721,311,0
721,312,0
721,324,0
721,325,0
721,326,0
721,327,0
721,328,0
721,329,0
721,330,0
721,331,0
721,332,0
721,333,0
721,334,0
721,335,0
721,336,0
721,337,0
721,338,0
721,339,0
721,340,0
721,345,0
721,346,0
721,347,0
721,348,0
721,349,0
721,350,0
721,351,0
721,352,0
721,353,0
721,354,0
721,355,0
721,356,0
721,357,0
721,358,0
721,359,0
721,360,0
721,361,0
721,362,0
721,363,0
721,364,0
721,365,0
721,366,0
721,367,0
721,368,0
721,369,0
721,370,0
721,371,0
721,372,0
721,373,0
721,863,0
721,865,0
722,320,0
722,321,0
722,322,0
722,323,0
722,325,0
722,326,0
722,327,0
722,328,0
722,329,0
722,330,0
722,331,0
722,332,0
722,341,0
722,342,0
722,343,0
722,344,0
722,345,0
722,346,0
722,347,0
722,348,0
722,349,0
722,350,0
722,351,0
722,352,0
722,353,0
722,354,0
722,355,0
722,356,0
722,357,0
722,358,0
722,359,0
722,360,0
723,321,0
723,322,0
723,323,0
723,324,0
723,325,0
723,326,0
723,327,0
723,328,0
723,329,0
723,330,0
723,331,0
723,332,0
723,342,0
723,343,0
723,344,0
723,345,0
723,346,0
723,347,0
723,348,0
723,349,0
723,350,0
723,351,0
723,352,0
723,353,0
723,354,0
723,355,0
723,356,0
723,357,0
723,358,0
723,359,0
723,360,0
724,313,0
724,314,0
724,316,0
724,317,0
724,318,0
724,319,0
724,320,0
724,325,0
724,326,0
724,327,0
724,328,0
724,337,0
724,338,0
724,339,0
724,340,0
724,341,0
724,342,0
724,343,0
724,344,0
724,345,0
724,346,0
724,347,0
724,348,0
724,349,0
724,350,0
724,351,0
724,352,0
724,366,0
724,368,0
724,369,0
724,379,0
724,382,0
724,383,0
724,384,0
724,385,0
724,386,0
724,387,0
724,388,0
724,389,0
724,390,0
724,391,0
724,392,0
724,393,0
724,394,0
724,395,0
724,396,0
725,313,0
725,314,0
725,315,0
725,316,0
725,317,0
725,318,0
725,319,0
725,320,0
725,321,0
725,323,0
725,324,0
725,325,0
725,326,0
725,327,0
725,328,0
725,337,0
725,338,0
725,339,0
725,340,0
725,341,0
725,342,0
725,343,0
725,344,0
725,345,0
725,346,0
725,347,0
725,348,0
725,349,0
725,382,0
725,383,0
725,385,0
725,386,0
725,387,0
725,388,0
725,389,0
725,390,0
725,391,0
725,392,0
725,393,0
725,396,0
726,224,0
726,225,0
726,232,0
726,309,0
726,310,0
726,311,0
726,312,0
726,313,0
726,314,0
726,315,0
726,316,0
726,321,0
726,322,0
726,323,0
726,324,0
726,333,0
726,334,0
726,335,0
726,336,0
726,337,0
726,338,0
726,339,0
726,340,0
726,341,0
726,342,0
726,343,0
726,344,0
727,235,0
727,236,0
727,310,0
727,312,0
727,313,0
727,314,0
727,315,0
727,316,0
727,321,0
727,322,0
727,323,0
727,324,0
727,333,0
727,334,0
727,335,0
727,336,0
727,337,0
727,338,0
727,339,0
727,340,0
727,341,0
727,342,0
727,343,0
727,344,0
728,221,0
728,222,0
728,235,0
728,236,0
728,237,0
728,238,0
728,239,0
728,240,0
728,241,0
728,242,0
728,243,0
728,244,0
728,245,0
728,246,0
728,247,0
728,250,0
728,304,0
728,305,0
728,306,0
728,307,0
728,308,0
728,309,0
728,310,0
728,311,0
728,312,0
728,317,0
728,318,0
728,319,0
728,320,0
728,329,0
728,330,0
728,331,0
728,332,0
728,333,0
728,334,0
728,335,0
728,336,0
728,337,0
728,338,0
728,339,0
728,340,0
729,220,0
729,221,0
729,235,0
729,236,0
729,237,0
729,238,0
729,239,0
729,240,0
729,241,0
729,242,0
729,243,0
729,244,0
729,245,0
729,246,0
729,247,0
729,249,0
729,250,0
729,251,0
729,304,0
729,305,0
729,306,0
729,307,0
729,308,0
729,309,0
729,310,0
729,311,0
729,312,0
729,318,0
729,319,0
729,320,0
729,329,0
729,330,0
729,331,0
729,332,0
729,333,0
729,334,0
729,335,0
729,336,0
729,337,0
729,338,0
729,339,0
729,340,0
730,240,0
730,241,0
730,242,0
730,243,0
730,244,0
730,245,0
730,246,0
730,247,0
730,248,0
730,249,0
730,250,0
730,251,0
730,252,0
730,253,0
730,254,0
730,255,0
730,256,0
730,257,0
730,258,0
730,259,0
730,260,0
730,296,0
730,297,0
730,298,0
730,299,0
730,300,0
730,301,0
730,302,0
730,303,0
730,304,0
730,305,0
730,306,0
730,307,0
730,308,0
730,313,0
730,314,0
730,315,0
730,316,0
730,329,0
730,330,0
730,331,0
730,332,0
730,333,0
730,334,0
730,335,0
730,336,0
730,350,0
730,351,0
730,352,0
731,227,0
731,228,0
731,229,0
731,243,0
731,245,0
731,246,0
731,247,0
731,248,0
731,249,0
731,250,0
731,251,0
731,252,0
731,253,0
731,254,0
731,255,0
731,256,0
731,257,0
731,258,0
731,259,0
731,260,0
731,261,0
731,262,0
731,263,0
731,264,0
731,265,0
731,266,0
731,267,0
731,292,0
731,293,0
731,294,0
731,295,0
731,296,0
731,297,0
731,298,0
731,299,0
731,300,0
731,301,0
731,302,0
731,303,0
731,310,0
731,311,0
731,312,0
732,227,0
732,228,0
732,229,0
732,230,0
732,243,0
732,244,0
732,245,0
732,247,0
732,248,0
732,249,0
732,250,0
732,251,0
732,252,0
732,253,0
732,254,0
732,255,0
732,256,0
732,257,0
732,258,0
732,259,0
732,260,0
732,261,0
732,262,0
732,263,0
732,264,0
732,265,0
732,266,0
732,267,0
732,292,0
732,293,0
732,294,0
732,295,0
732,296,0
732,297,0
732,298,0
732,299,0
732,300,0
732,301,0
732,302,0
732,303,0
733,219,0
733,220,0
733,221,0
733,222,0
733,223,0
733,224,0
733,225,0
733,226,0
733,227,0
733,228,0
733,229,0
733,230,0
733,231,0
733,232,0
733,233,0
733,234,0
733,235,0
733,236,0
733,237,0
733,238,0
733,240,0
733,241,0
733,242,0
733,243,0
733,244,0
733,245,0
733,247,0
733,248,0
733,249,0
733,250,0
733,251,0
733,252,0
733,253,0
733,254,0
733,255,0
733,256,0
733,257,0
733,258,0
733,259,0
733,260,0
733,261,0
733,262,0
733,263,0
733,264,0
733,265,0
733,266,0
733,267,0
733,268,0
733,269,0
733,270,0
733,271,0
733,272,0
733,273,0
733,274,0
733,275,0
733,288,0
733,289,0
733,290,0
733,291,0
733,292,0
733,293,0
733,294,0
733,295,0
733,304,0
733,305,0
733,306,0
733,314,0
733,315,0
734,219,0
734,220,0
734,221,0
734,222,0
734,223,0
734,224,0
734,225,0
734,226,0
734,227,0
734,228,0
734,229,0
734,230,0
734,231,0
734,232,0
734,233,0
734,234,0
734,235,0
734,236,0
734,237,0
734,238,0
734,239,0
734,240,0
734,241,0
734,242,0
734,243,0
734,244,0
734,245,0
734,247,0
734,248,0
734,249,0
734,250,0
734,251,0
734,252,0
734,253,0
734,254,0
734,255,0
734,256,0
734,257,0
734,258,0
734,259,0
734,260,0
734,261,0
734,262,0
734,263,0
734,264,0
734,265,0
734,266,0
734,267,0
734,268,0
734,269,0
734,270,0
734,271,0
734,272,0
734,273,0
734,274,0
734,275,0
734,288,0
734,289,0
734,290,0
734,291,0
734,292,0
734,293,0
734,294,0
734,295,0
734,305,0
734,306,0
734,307,0
734,308,0
734,313,0
734,314,0
734,315,0
734,316,0
735,223,0
735,224,0
735,225,0
735,226,0
735,227,0
735,228,0
735,229,0
735,230,0
735,232,0
735,243,0
735,244,0
735,245,0
735,246,0
735,247,0
735,248,0
735,249,0
735,250,0
735,251,0
735,252,0
735,253,0
735,254,0
735,255,0
735,256,0
735,257,0
735,258,0
735,259,0
735,260,0
735,261,0
735,262,0
735,263,0
735,264,0
735,265,0
735,266,0
735,267,0
735,268,0
735,269,0
735,270,0
735,271,0
735,272,0
735,273,0
735,274,0
735,275,0
735,276,0
735,277,0
735,278,0
735,279,0
735,284,0
735,285,0
735,286,0
735,288,0
735,297,0
735,298,0
735,300,0
735,301,0
735,302,0
735,303,0
735,304,0
735,306,0
735,309,0
735,310,0
735,311,0
735,312,0
735,313,0
735,314,0
735,315,0
735,316,0
736,223,0
736,224,0
736,225,0
736,226,0
736,227,0
736,228,0
736,229,0
736,230,0
736,231,0
736,232,0
736,234,0
736,243,0
736,244,0
736,245,0
736,246,0
736,247,0
736,248,0
736,249,0
736,250,0
736,251,0
736,252,0
736,253,0
736,254,0
736,255,0
736,256,0
736,257,0
736,258,0
736,259,0
736,260,0
736,261,0
736,262,0
736,263,0
736,264,0
736,265,0
736,266,0
736,267,0
736,268,0
736,269,0
736,270,0
736,271,0
736,272,0
736,273,0
736,274,0
736,275,0
736,276,0
736,277,0
736,278,0
736,279,0
736,284,0
736,285,0
736,286,0
736,287,0
736,288,0
736,289,0
736,290,0
736,291,0
736,297,0
736,298,0
736,300,0
736,301,0
736,302,0
736,304,0
736,306,0
736,307,0
736,308,0
736,309,0
736,310,0
736,311,0
736,312,0
736,313,0
736,314,0
736,315,0
736,316,0
737,219,0
737,220,0
737,221,0
737,222,0
737,225,0
737,229,0
737,243,0
737,244,0
737,245,0
737,246,0
737,247,0
737,248,0
737,249,0
737,250,0
737,251,0
737,252,0
737,253,0
737,254,0
737,255,0
737,256,0
737,257,0
737,258,0
737,259,0
737,260,0
737,261,0
737,262,0
737,263,0
737,264,0
737,265,0
737,266,0
737,267,0
737,268,0
737,269,0
737,270,0
737,271,0
737,272,0
737,273,0
737,274,0
737,275,0
737,276,0
737,277,0
737,278,0
737,279,0
737,280,0
737,281,0
737,282,0
737,283,0
737,292,0
737,293,0
737,294,0
737,295,0
737,296,0
737,297,0
737,298,0
737,299,0
737,300,0
737,301,0
737,302,0
737,303,0
737,304,0
737,305,0
737,306,0
737,307,0
737,308,0
738,219,0
738,220,0
738,221,0
738,222,0
738,239,0
738,243,0
738,244,0
738,245,0
738,246,0
738,247,0
738,248,0
738,249,0
738,250,0
738,251,0
738,252,0
738,253,0
738,254,0
738,255,0
738,256,0
738,257,0
738,258,0
738,259,0
738,260,0
738,261,0
738,262,0
738,263,0
738,264,0
738,265,0
738,266,0
738,267,0
738,268,0
738,269,0
738,270,0
738,271,0
738,272,0
738,273,0
738,274,0
738,275,0
738,276,0
738,277,0
738,278,0
738,279,0
738,280,0
738,281,0
738,282,0
738,283,0
738,292,0
738,293,0
738,294,0
738,295,0
738,296,0
738,297,0
738,298,0
738,299,0
738,300,0
738,301,0
738,302,0
738,303,0
738,304,0
738,305,0
738,306,0
738,307,0
738,308,0
739,219,0
739,220,0
739,221,0
739,222,0
739,223,0
739,224,0
739,225,0
739,226,0
739,227,0
739,228,0
739,229,0
739,230,0
739,231,0
739,232,0
739,233,0
739,234,0
739,235,0
739,236,0
739,237,0
739,242,0
739,243,0
739,244,0
739,245,0
739,246,0
739,247,0
739,248,0
739,249,0
739,250,0
739,251,0
739,252,0
739,253,0
739,254,0
739,255,0
739,256,0
739,257,0
739,258,0
739,259,0
739,260,0
739,261,0
739,262,0
739,263,0
739,264,0
739,265,0
739,266,0
739,267,0
739,268,0
739,269,0
739,270,0
739,271,0
739,272,0
739,273,0
739,274,0
739,275,0
739,276,0
739,277,0
739,278,0
739,279,0
739,284,0
739,285,0
739,286,0
739,287,0
739,288,0
739,289,0
739,290,0
739,291,0
739,292,0
739,293,0
739,294,0
739,295,0
739,296,0
739,297,0
739,298,0
739,299,0
739,300,0
739,301,0
739,302,0
739,303,0
739,333,0
739,335,0
740,219,0
740,220,0
740,221,0
740,235,0
740,241,0
740,247,0
740,248,0
740,249,0
740,250,0
740,251,0
740,252,0
740,253,0
740,254,0
740,255,0
740,256,0
740,257,0
740,258,0
740,259,0
740,260,0
740,261,0
740,262,0
740,263,0
740,276,0
740,277,0
740,278,0
740,279,0
740,280,0
740,282,0
740,284,0
740,285,0
740,286,0
740,287,0
740,288,0
740,289,0
740,290,0
740,291,0
740,292,0
740,293,0
740,294,0
740,295,0
740,296,0
740,297,0
740,298,0
740,299,0
740,301,0
741,220,0
741,221,0
741,239,0
741,240,0
741,244,0
741,245,0
741,247,0
741,248,0
741,249,0
741,250,0
741,251,0
741,252,0
741,253,0
741,254,0
741,255,0
741,256,0
741,257,0
741,258,0
741,259,0
741,260,0
741,261,0
741,262,0
741,263,0
741,276,0
741,277,0
741,278,0
741,280,0
741,281,0
741,282,0
741,283,0
741,284,0
741,285,0
741,286,0
741,287,0
741,288,0
741,289,0
741,290,0
741,291,0
741,292,0
741,293,0
741,294,0
741,295,0
741,296,0
741,297,0
741,298,0
741,299,0
741,301,0
742,219,0
742,220,0
742,221,0
742,222,0
742,223,0
742,224,0
742,225,0
742,226,0
742,230,0
742,231,0
742,232,0
742,233,0
742,234,0
742,235,0
742,236,0
742,237,0
742,238,0
742,239,0
742,240,0
742,241,0
742,242,0
742,243,0
742,244,0
742,245,0
742,246,0
742,247,0
742,248,0
742,249,0
742,250,0
742,251,0
742,252,0
742,253,0
742,254,0
742,255,0
742,256,0
742,257,0
742,258,0
742,259,0
742,260,0
742,261,0
742,262,0
742,263,0
742,264,0
742,265,0
742,266,0
742,267,0
742,268,0
742,269,0
742,270,0
742,271,0
742,272,0
742,273,0
742,276,0
742,277,0
742,278,0
742,279,0
742,280,0
742,281,0
742,282,0
742,283,0
742,284,0
742,285,0
742,286,0
742,287,0
742,288,0
742,289,0
742,290,0
742,291,0
742,292,0
742,293,0
742,294,0
742,295,0
743,219,0
743,220,0
743,221,0
743,222,0
743,223,0
743,224,0
743,225,0
743,226,0
743,230,0
743,231,0
743,232,0
743,233,0
743,234,0
743,235,0
743,236,0
743,237,0
743,238,0
743,239,0
743,240,0
743,241,0
743,242,0
743,243,0
743,244,0
743,245,0
743,246,0
743,247,0
743,248,0
743,249,0
743,250,0
743,251,0
743,252,0
743,253,0
743,254,0
743,255,0
743,256,0
743,257,0
743,258,0
743,259,0
743,260,0
743,261,0
743,262,0
743,263,0
743,264,0
743,265,0
743,266,0
743,267,0
743,268,0
743,269,0
743,270,0
743,271,0
743,273,0
743,274,0
743,275,0
743,276,0
743,277,0
743,278,0
743,279,0
743,280,0
743,281,0
743,282,0
743,283,0
743,284,0
743,285,0
743,286,0
743,287,0
743,288,0
743,289,0
743,290,0
743,291,0
743,292,0
743,293,0
743,294,0
743,295,0
744,219,0
744,220,0
744,221,0
744,222,0
744,223,0
744,224,0
744,225,0
744,226,0
744,227,0
744,228,0
744,229,0
744,230,0
744,231,0
744,232,0
744,233,0
744,234,0
744,235,0
744,236,0
744,237,0
744,238,0
744,239,0
744,240,0
744,241,0
744,242,0
744,243,0
744,244,0
744,245,0
744,246,0
744,247,0
744,248,0
744,249,0
744,250,0
744,251,0
744,252,0
744,253,0
744,254,0
744,255,0
744,256,0
744,257,0
744,258,0
744,259,0
744,260,0
744,261,0
744,262,0
744,263,0
744,264,0
744,265,0
744,266,0
744,267,0
744,268,0
744,269,0
744,270,0
744,271,0
744,272,0
744,273,0
744,274,0
744,275,0
744,276,0
744,277,0
744,278,0
744,279,0
744,280,0
744,281,0
744,282,0
744,283,0
744,284,0
744,285,0
744,286,0
744,287,0
744,288,0
744,289,0
744,290,0
744,291,0
744,309,0
744,313,0
744,314,0
744,315,0
744,318,0
744,319,0
744,320,0
744,321,0
744,322,0
744,323,0
744,326,0
744,327,0
744,328,0
745,219,0
745,220,0
745,221,0
745,222,0
745,223,0
745,224,0
745,225,0
745,226,0
745,227,0
745,228,0
745,229,0
745,230,0
745,231,0
745,232,0
745,233,0
745,234,0
745,235,0
745,236,0
745,237,0
745,238,0
745,239,0
745,240,0
745,241,0
745,242,0
745,243,0
745,244,0
745,245,0
745,246,0
745,247,0
745,248,0
745,249,0
745,250,0
745,251,0
745,252,0
745,253,0
745,254,0
745,255,0
745,256,0
745,257,0
745,258,0
745,259,0
745,260,0
745,261,0
745,262,0
745,263,0
745,264,0
745,265,0
745,266,0
745,267,0
745,268,0
745,269,0
745,270,0
745,271,0
745,272,0
745,273,0
745,274,0
745,275,0
745,276,0
745,277,0
745,278,0
745,279,0
745,280,0
745,281,0
745,282,0
745,283,0
745,284,0
745,285,0
745,286,0
745,287,0
745,288,0
745,289,0
745,290,0
745,291,0
745,298,0
745,311,0
745,313,0
745,314,0
745,315,0
745,316,0
745,317,0
745,318,0
745,319,0
745,320,0
745,321,0
745,322,0
745,323,0
745,324,0
745,327,0
746,219,0
746,220,0
746,221,0
746,222,0
746,224,0
746,225,0
746,227,0
746,229,0
746,230,0
746,231,0
746,232,0
746,233,0
746,234,0
746,235,0
746,236,0
746,237,0
746,238,0
746,239,0
746,240,0
746,241,0
746,242,0
746,243,0
746,244,0
746,245,0
746,246,0
746,247,0
746,248,0
746,249,0
746,250,0
746,251,0
746,252,0
746,253,0
746,254,0
746,255,0
746,256,0
746,257,0
746,258,0
746,259,0
746,260,0
746,261,0
746,262,0
746,263,0
746,264,0
746,265,0
746,266,0
746,267,0
746,268,0
746,269,0
746,270,0
746,271,0
746,272,0
746,273,0
746,274,0
746,275,0
746,276,0
746,277,0
746,278,0
746,279,0
746,280,0
746,281,0
746,282,0
746,283,0
746,284,0
746,285,0
746,286,0
746,287,0
746,288,0
746,290,0
746,317,0
746,318,0
746,319,0
746,320,0
746,321,0
746,322,0
746,323,0
747,219,0
747,220,0
747,221,0
747,223,0
747,224,0
747,225,0
747,226,0
747,227,0
747,231,0
747,232,0
747,233,0
747,234,0
747,235,0
747,236,0
747,237,0
747,238,0
747,239,0
747,240,0
747,241,0
747,242,0
747,243,0
747,244,0
747,245,0
747,246,0
747,247,0
747,248,0
747,249,0
747,250,0
747,251,0
747,252,0
747,253,0
747,254,0
747,255,0
747,256,0
747,257,0
747,258,0
747,259,0
747,260,0
747,261,0
747,262,0
747,263,0
747,264,0
747,265,0
747,266,0
747,267,0
747,268,0
747,269,0
747,270,0
747,271,0
747,272,0
747,273,0
747,274,0
747,275,0
747,276,0
747,277,0
747,278,0
747,279,0
747,280,0
747,281,0
747,282,0
747,283,0
747,284,0
747,285,0
747,286,0
747,287,0
747,289,0
747,290,0
747,291,0
747,316,0
747,317,0
747,318,0
747,319,0
747,320,0
747,321,0
747,322,0
747,323,0
748,219,0
748,220,0
748,221,0
748,222,0
748,223,0
748,224,0
748,225,0
748,226,0
748,227,0
748,228,0
748,229,0
748,230,0
748,231,0
748,232,0
748,233,0
748,234,0
748,235,0
748,236,0
748,237,0
748,238,0
748,239,0
748,240,0
748,241,0
748,242,0
748,243,0
748,244,0
748,245,0
748,246,0
748,247,0
748,248,0
748,249,0
748,250,0
748,251,0
748,252,0
748,253,0
748,254,0
748,255,0
748,256,0
748,257,0
748,258,0
748,259,0
748,260,0
748,261,0
748,262,0
748,263,0
748,264,0
748,265,0
748,266,0
748,267,0
748,268,0
748,269,0
748,270,0
748,271,0
748,272,0
748,273,0
748,274,0
748,275,0
748,276,0
748,277,0
748,278,0
748,279,0
748,280,0
748,281,0
748,282,0
748,283,0
748,294,0
748,295,0
748,297,0
748,304,0
748,309,0
748,310,0
748,311,0
748,312,0
748,313,0
748,314,0
748,315,0
748,316,0
749,219,0
749,220,0
749,221,0
749,222,0
749,225,0
749,227,0
749,228,0
749,229,0
749,230,0
749,231,0
749,232,0
749,233,0
749,234,0
749,235,0
749,236,0
749,237,0
749,238,0
749,239,0
749,240,0
749,241,0
749,242,0
749,243,0
749,244,0
749,245,0
749,246,0
749,247,0
749,248,0
749,249,0
749,250,0
749,251,0
749,252,0
749,253,0
749,254,0
749,255,0
749,256,0
749,257,0
749,258,0
749,259,0
749,260,0
749,261,0
749,262,0
749,263,0
749,264,0
749,265,0
749,266,0
749,267,0
749,268,0
749,269,0
749,270,0
749,271,0
749,272,0
749,273,0
749,274,0
749,275,0
749,276,0
749,277,0
749,278,0
749,279,0
749,280,0
749,281,0
749,282,0
749,283,0
749,309,0
749,310,0
749,311,0
749,312,0
749,313,0
749,314,0
749,315,0
749,316,0
750,219,0
750,220,0
750,221,0
750,222,0
750,226,0
750,227,0
750,228,0
750,229,0
750,230,0
750,231,0
750,232,0
750,233,0
750,234,0
750,235,0
750,236,0
750,237,0
750,238,0
750,239,0
750,240,0
750,241,0
750,242,0
750,243,0
750,244,0
750,245,0
750,246,0
750,247,0
750,248,0
750,249,0
750,250,0
750,251,0
750,252,0
750,253,0
750,254,0
750,255,0
750,256,0
750,257,0
750,258,0
750,259,0
750,260,0
750,261,0
750,262,0
750,263,0
750,264,0
750,265,0
750,266,0
750,267,0
750,268,0
750,269,0
750,270,0
750,271,0
750,272,0
750,273,0
750,274,0
750,275,0
750,276,0
750,277,0
750,278,0
750,279,0
750,280,0
750,281,0
750,282,0
750,283,0
750,284,0
750,286,0
750,287,0
750,288,0
750,289,0
750,290,0
750,291,0
750,292,0
750,294,0
750,303,0
750,305,0
750,306,0
750,307,0
750,308,0
750,309,0
750,310,0
750,311,0
750,312,0
750,319,0
751,219,0
751,222,0
751,225,0
751,226,0
751,227,0
751,228,0
751,229,0
751,230,0
751,231,0
751,232,0
751,233,0
751,234,0
751,235,0
751,236,0
751,237,0
751,238,0
751,239,0
751,240,0
751,241,0
751,242,0
751,243,0
751,244,0
751,245,0
751,246,0
751,247,0
751,248,0
751,249,0
751,250,0
751,251,0
751,252,0
751,253,0
751,254,0
751,255,0
751,256,0
751,257,0
751,258,0
751,259,0
751,260,0
751,261,0
751,262,0
751,263,0
751,264,0
751,265,0
751,266,0
751,267,0
751,268,0
751,269,0
751,270,0
751,271,0
751,272,0
751,273,0
751,274,0
751,275,0
751,276,0
751,277,0
751,278,0
751,279,0
751,280,0
751,281,0
751,282,0
751,283,0
751,284,0
751,285,0
751,286,0
751,287,0
751,288,0
751,289,0
751,290,0
751,291,0
751,300,0
751,301,0
751,302,0
751,303,0
751,304,0
751,305,0
751,306,0
751,307,0
751,308,0
751,309,0
751,312,0
751,313,0
751,314,0
751,315,0
751,316,0
752,222,0
752,224,0
752,225,0
752,226,0
752,227,0
752,228,0
752,229,0
752,230,0
752,231,0
752,232,0
752,233,0
752,234,0
752,235,0
752,236,0
752,237,0
752,238,0
752,239,0
752,240,0
752,241,0
752,242,0
752,243,0
752,244,0
752,245,0
752,246,0
752,247,0
752,248,0
752,249,0
752,250,0
752,251,0
752,252,0
752,253,0
752,254,0
752,255,0
752,256,0
752,257,0
752,258,0
752,259,0
752,260,0
752,261,0
752,262,0
752,263,0
752,264,0
752,265,0
752,266,0
752,267,0
752,268,0
752,269,0
752,270,0
752,271,0
752,272,0
752,273,0
752,274,0
752,275,0
752,276,0
752,277,0
752,278,0
752,279,0
752,280,0
752,281,0
752,282,0
752,283,0
752,284,0
752,285,0
752,286,0
752,287,0
752,288,0
752,289,0
752,290,0
752,291,0
752,294,0
752,300,0
752,301,0
752,302,0
752,303,0
752,304,0
752,305,0
752,306,0
752,307,0
752,308,0
752,309,0
752,310,0
752,311,0
752,312,0
752,313,0
752,314,0
752,315,0
752,316,0
753,220,0
753,221,0
753,222,0
753,227,0
753,228,0
753,229,0
753,230,0
753,231,0
753,232,0
753,233,0
753,234,0
753,235,0
753,236,0
753,237,0
753,238,0
753,239,0
753,240,0
753,241,0
753,242,0
753,243,0
753,244,0
753,245,0
753,246,0
753,247,0
753,248,0
753,249,0
753,250,0
753,251,0
753,252,0
753,253,0
753,254,0
753,255,0
753,256,0
753,257,0
753,258,0
753,259,0
753,260,0
753,261,0
753,262,0
753,263,0
753,265,0
753,267,0
753,268,0
753,269,0
753,270,0
753,271,0
753,272,0
753,273,0
753,274,0
753,275,0
753,276,0
753,277,0
753,278,0
753,279,0
753,280,0
753,281,0
753,282,0
753,283,0
753,284,0
753,285,0
753,286,0
753,287,0
753,288,0
753,289,0
753,290,0
753,291,0
753,292,0
753,293,0
753,294,0
753,295,0
753,296,0
753,297,0
753,298,0
753,299,0
753,300,0
753,301,0
753,302,0
753,303,0
753,304,0
753,305,0
753,306,0
753,307,0
753,308,0
753,310,0
753,311,0
753,312,0
754,220,0
754,227,0
754,228,0
754,229,0
754,230,0
754,231,0
754,232,0
754,233,0
754,234,0
754,235,0
754,236,0
754,237,0
754,238,0
754,239,0
754,240,0
754,241,0
754,242,0
754,243,0
754,244,0
754,245,0
754,246,0
754,247,0
754,248,0
754,249,0
754,250,0
754,251,0
754,252,0
754,253,0
754,254,0
754,255,0
754,256,0
754,257,0
754,258,0
754,259,0
754,260,0
754,261,0
754,262,0
754,263,0
754,264,0
754,265,0
754,267,0
754,268,0
754,269,0
754,270,0
754,271,0
754,272,0
754,273,0
754,274,0
754,275,0
754,276,0
754,277,0
754,278,0
754,279,0
754,280,0
754,281,0
754,282,0
754,283,0
754,284,0
754,285,0
754,286,0
754,287,0
754,288,0
754,289,0
754,290,0
754,291,0
754,292,0
754,293,0
754,294,0
754,295,0
754,296,0
754,297,0
754,298,0
754,299,0
754,300,0
754,301,0
754,302,0
754,303,0
754,305,0
754,306,0
754,307,0
754,308,0
754,310,0
754,311,0
754,312,0
755,235,0
755,236,0
755,237,0
755,238,0
755,239,0
755,240,0
755,241,0
755,242,0
755,243,0
755,244,0
755,245,0
755,246,0
755,247,0
755,248,0
755,249,0
755,250,0
755,251,0
755,252,0
755,253,0
755,254,0
755,255,0
755,256,0
755,257,0
755,258,0
755,259,0
755,260,0
755,261,0
755,262,0
755,263,0
755,264,0
755,268,0
755,269,0
755,270,0
755,271,0
755,272,0
755,273,0
755,274,0
755,275,0
755,276,0
755,277,0
755,278,0
755,279,0
755,280,0
755,281,0
755,282,0
755,283,0
755,284,0
755,285,0
755,286,0
755,287,0
755,288,0
755,289,0
755,290,0
755,291,0
755,292,0
755,293,0
755,294,0
755,295,0
755,296,0
755,297,0
755,298,0
755,299,0
755,302,0
755,303,0
755,304,0
755,305,0
755,306,0
755,308,0
756,227,0
756,235,0
756,236,0
756,237,0
756,238,0
756,239,0
756,240,0
756,241,0
756,242,0
756,243,0
756,244,0
756,245,0
756,246,0
756,247,0
756,248,0
756,249,0
756,250,0
756,251,0
756,252,0
756,253,0
756,254,0
756,255,0
756,256,0
756,257,0
756,258,0
756,259,0
756,260,0
756,261,0
756,262,0
756,263,0
756,264,0
756,265,0
756,266,0
756,267,0
756,268,0
756,269,0
756,270,0
756,271,0
756,272,0
756,273,0
756,274,0
756,275,0
756,276,0
756,277,0
756,278,0
756,279,0
756,280,0
756,281,0
756,282,0
756,283,0
756,284,0
756,285,0
756,286,0
756,287,0
756,288,0
756,289,0
756,290,0
756,291,0
756,292,0
756,293,0
756,294,0
756,295,0
756,296,0
756,297,0
756,298,0
756,299,0
756,302,0
756,305,0
756,306,0
756,307,0
756,308,0
757,223,0
757,224,0
757,229,0
757,230,0
757,243,0
757,244,0
757,245,0
757,246,0
757,247,0
757,248,0
757,249,0
757,250,0
757,251,0
757,252,0
757,253,0
757,254,0
757,255,0
757,256,0
757,257,0
757,258,0
757,259,0
757,260,0
757,261,0
757,262,0
757,263,0
757,264,0
757,265,0
757,266,0
757,267,0
757,268,0
757,269,0
757,270,0
757,271,0
757,272,0
757,273,0
757,274,0
757,275,0
757,276,0
757,277,0
757,278,0
757,279,0
757,280,0
757,281,0
757,282,0
757,283,0
757,285,0
757,286,0
757,288,0
757,289,0
757,290,0
757,291,0
757,292,0
757,293,0
757,294,0
757,296,0
757,297,0
757,300,0
757,302,0
758,223,0
758,224,0
758,225,0
758,226,0
758,227,0
758,228,0
758,229,0
758,230,0
758,243,0
758,244,0
758,245,0
758,246,0
758,247,0
758,248,0
758,249,0
758,250,0
758,251,0
758,252,0
758,253,0
758,254,0
758,255,0
758,256,0
758,257,0
758,258,0
758,259,0
758,260,0
758,261,0
758,262,0
758,263,0
758,264,0
758,265,0
758,266,0
758,267,0
758,268,0
758,269,0
758,270,0
758,271,0
758,272,0
758,273,0
758,274,0
758,275,0
758,276,0
758,277,0
758,278,0
758,279,0
758,280,0
758,281,0
758,282,0
758,283,0
758,288,0
758,289,0
758,290,0
758,291,0
758,292,0
758,293,0
758,294,0
758,297,0
759,223,0
759,224,0
759,225,0
759,226,0
759,229,0
759,230,0
759,235,0
759,236,0
759,237,0
759,238,0
759,247,0
759,248,0
759,249,0
759,250,0
759,251,0
759,252,0
759,253,0
759,254,0
759,255,0
759,256,0
759,257,0
759,258,0
759,259,0
759,260,0
759,261,0
759,262,0
759,263,0
759,264,0
759,265,0
759,266,0
759,267,0
759,268,0
759,269,0
759,270,0
759,271,0
759,272,0
759,273,0
759,274,0
759,275,0
759,276,0
759,277,0
759,278,0
759,279,0
759,280,0
759,281,0
759,282,0
759,283,0
760,223,0
760,224,0
760,225,0
760,226,0
760,227,0
760,228,0
760,235,0
760,236,0
760,237,0
760,238,0
760,239,0
760,240,0
760,241,0
760,242,0
760,252,0
760,253,0
760,254,0
760,255,0
760,256,0
760,257,0
760,258,0
760,259,0
760,260,0
760,261,0
760,262,0
760,263,0
760,264,0
760,265,0
760,266,0
760,267,0
760,268,0
760,269,0
760,270,0
760,271,0
760,272,0
760,273,0
760,274,0
760,275,0
760,276,0
760,277,0
760,278,0
760,279,0
761,223,0
761,224,0
761,225,0
761,226,0
761,227,0
761,228,0
761,229,0
761,235,0
761,236,0
761,237,0
761,238,0
761,239,0
761,240,0
761,241,0
761,242,0
761,243,0
761,246,0
761,252,0
761,253,0
761,254,0
761,255,0
761,256,0
761,257,0
761,258,0
761,259,0
761,260,0
761,261,0
761,262,0
761,263,0
761,264,0
761,265,0
761,266,0
761,267,0
761,268,0
761,269,0
761,270,0
761,271,0
761,272,0
761,273,0
761,274,0
761,275,0
761,276,0
761,277,0
761,278,0
761,279,0
762,223,0
762,224,0
762,225,0
762,226,0
762,227,0
762,229,0
762,230,0
762,231,0
762,232,0
762,233,0
762,234,0
762,235,0
762,236,0
762,237,0
762,238,0
762,239,0
762,240,0
762,241,0
762,242,0
762,243,0
762,244,0
762,245,0
762,246,0
762,247,0
762,248,0
762,249,0
762,250,0
762,251,0
762,252,0
762,253,0
762,254,0
762,255,0
762,256,0
762,257,0
762,258,0
762,259,0
762,260,0
762,261,0
762,262,0
762,263,0
762,264,0
762,265,0
762,266,0
762,267,0
762,268,0
762,269,0
762,270,0
762,271,0
762,272,0
762,273,0
762,274,0
762,275,0
763,223,0
763,224,0
763,225,0
763,226,0
763,227,0
763,228,0
763,229,0
763,230,0
763,231,0
763,232,0
763,233,0
763,234,0
763,235,0
763,236,0
763,237,0
763,238,0
763,239,0
763,240,0
763,241,0
763,242,0
763,243,0
763,244,0
763,245,0
763,246,0
763,247,0
763,248,0
763,249,0
763,250,0
763,251,0
763,252,0
763,253,0
763,254,0
763,255,0
763,256,0
763,257,0
763,258,0
763,259,0
763,260,0
763,261,0
763,262,0
763,263,0
763,264,0
763,265,0
763,266,0
763,267,0
763,268,0
763,269,0
763,270,0
763,271,0
763,272,0
763,273,0
763,274,0
763,275,0
764,219,0
764,220,0
764,221,0
764,222,0
764,231,0
764,232,0
764,233,0
764,234,0
764,235,0
764,236,0
764,237,0
764,238,0
764,239,0
764,240,0
764,241,0
764,242,0
764,243,0
764,244,0
764,245,0
764,246,0
764,247,0
764,248,0
764,249,0
764,250,0
764,251,0
764,252,0
764,253,0
764,254,0
764,255,0
764,256,0
764,257,0
764,258,0
764,259,0
764,260,0
764,261,0
764,262,0
764,263,0
764,264,0
764,265,0
764,266,0
764,267,0
765,227,0
765,229,0
765,230,0
765,231,0
765,232,0
765,233,0
765,234,0
765,235,0
765,236,0
765,237,0
765,238,0
765,239,0
765,240,0
765,241,0
765,242,0
765,243,0
765,244,0
765,245,0
765,246,0
765,247,0
765,248,0
765,249,0
765,250,0
765,251,0
765,252,0
765,253,0
765,254,0
765,255,0
765,256,0
765,257,0
765,258,0
765,259,0
765,260,0
765,261,0
765,262,0
765,263,0
765,264,0
765,265,0
765,266,0
766,219,0
766,221,0
766,223,0
766,227,0
766,228,0
766,229,0
766,230,0
766,231,0
766,232,0
766,233,0
766,234,0
766,235,0
766,236,0
766,237,0
766,238,0
766,239,0
766,240,0
766,241,0
766,242,0
766,243,0
766,244,0
766,245,0
766,246,0
766,264,0
766,265,0
766,266,0
766,267,0
766,268,0
766,269,0
766,270,0
766,271,0
767,223,0
767,225,0
767,227,0
767,228,0
767,229,0
767,230,0
767,231,0
767,232,0
767,233,0
767,234,0
767,235,0
767,236,0
767,237,0
767,238,0
767,239,0
767,240,0
767,241,0
767,242,0
767,243,0
767,244,0
767,245,0
767,246,0
767,264,0
767,265,0
767,266,0
767,267,0
767,268,0
767,269,0
767,270,0
767,271,0
768,227,0
768,228,0
768,229,0
768,230,0
768,231,0
768,232,0
768,233,0
768,234,0
768,235,0
768,236,0
768,237,0
768,238,0
768,239,0
768,240,0
768,241,0
768,242,0
768,243,0
768,244,0
768,245,0
769,227,0
769,228,0
769,229,0
769,230,0
769,231,0
769,232,0
769,233,0
769,234,0
769,235,0
769,236,0
769,237,0
769,238,0
769,239,0
769,240,0
769,241,0
769,242,0
770,227,0
770,228,0
770,229,0
770,230,0
770,231,0
770,232,0
770,233,0
770,234,0
770,235,0
770,236,0
770,237,0
770,238,0
770,239,0
770,240,0
770,241,0
770,242,0
771,223,0
771,225,0
771,227,0
771,228,0
771,235,0
771,236,0
771,237,0
771,238,0
771,239,0
771,240,0
771,241,0
771,242,0
772,223,0
772,224,0
772,225,0
772,227,0
772,232,0
772,235,0
772,236,0
772,237,0
772,238,0
772,239,0
772,240,0
772,241,0
772,242,0
773,223,0
773,224,0
773,225,0
773,226,0
773,227,0
773,228,0
773,229,0
773,230,0
773,235,0
773,236,0
773,237,0
773,238,0
774,223,0
774,226,0
774,227,0
774,228,0
774,229,0
774,230,0
774,235,0
774,236,0
774,237,0
774,238,0
775,225,0
775,226,0
775,227,0
775,228,0
775,229,0
775,230,0
775,231,0
775,232,0
775,233,0
775,234,0
775,235,0
775,236,0
775,237,0
775,238,0
776,223,0
776,224,0
776,225,0
776,226,0
776,227,0
776,228,0
776,229,0
776,230,0
776,231,0
776,232,0
776,233,0
776,234,0
776,235,0
776,236,0
776,237,0
776,238,0
777,223,0
777,224,0
777,225,0
777,226,0
777,227,0
777,228,0
777,229,0
777,230,0
777,231,0
777,232,0
777,233,0
777,234,0
777,235,0
777,236,0
777,237,0
777,238,0
778,223,0
778,224,0
778,225,0
778,226,0
778,227,0
778,229,0
778,231,0
778,232,0
778,233,0
778,234,0
778,235,0
778,236,0
778,237,0
778,238,0
778,240,0
778,241,0
778,242,0
779,223,0
779,224,0
779,225,0
779,226,0
779,231,0
779,232,0
779,233,0
779,234,0
779,235,0
779,236,0
779,237,0
779,238,0
779,239,0
779,240,0
779,242,0
780,223,0
780,224,0
780,225,0
780,226,0
780,231,0
780,232,0
780,233,0
780,234,0
780,235,0
780,236,0
780,237,0
780,238,0
780,253,0
780,254,0
780,255,0
780,256,0
780,257,0
780,258,0
780,259,0
781,221,0
781,223,0
781,224,0
781,225,0
781,226,0
781,231,0
781,232,0
781,233,0
781,234,0
781,252,0
781,253,0
781,254,0
781,255,0
781,256,0
781,257,0
781,258,0
781,259,0
782,226,0
782,228,0
782,229,0
782,230,0
782,231,0
782,232,0
782,233,0
782,234,0
782,243,0
782,244,0
782,245,0
782,246,0
782,247,0
782,248,0
782,249,0
782,250,0
782,251,0
782,252,0
782,253,0
782,254,0
782,255,0
782,259,0
782,260,0
782,261,0
782,262,0
782,264,0
782,265,0
782,266,0
782,267,0
782,268,0
782,269,0
782,270,0
782,271,0
783,228,0
783,229,0
783,230,0
783,231,0
783,232,0
783,233,0
783,234,0
783,243,0
783,244,0
783,245,0
783,246,0
783,247,0
783,248,0
783,249,0
783,250,0
783,251,0
783,252,0
783,253,0
783,254,0
783,255,0
783,258,0
783,259,0
783,260,0
783,261,0
783,262,0
783,263,0
783,264,0
783,265,0
783,266,0
783,267,0
783,268,0
783,269,0
783,270,0
783,271,0
784,231,0
784,232,0
784,233,0
784,234,0
784,243,0
784,244,0
784,245,0
784,246,0
784,247,0
784,248,0
784,249,0
784,250,0
784,251,0
784,252,0
784,253,0
784,255,0
784,256,0
784,257,0
784,259,0
784,260,0
784,261,0
784,262,0
784,263,0
784,268,0
784,269,0
784,270,0
784,271,0
784,272,0
784,273,0
784,275,0
785,231,0
785,232,0
785,233,0
785,234,0
785,243,0
785,244,0
785,245,0
785,246,0
785,247,0
785,248,0
785,249,0
785,250,0
785,251,0
785,252,0
785,254,0
785,256,0
785,257,0
785,258,0
785,259,0
785,260,0
785,261,0
785,262,0
785,263,0
785,268,0
785,269,0
785,270,0
785,271,0
785,272,0
785,273,0
785,274,0
785,275,0
786,222,0
786,231,0
786,232,0
786,256,0
786,257,0
786,258,0
786,259,0
786,266,0
786,267,0
787,220,0
787,231,0
787,254,0
787,256,0
787,257,0
787,258,0
787,259,0
787,264,0
788,219,0
788,220,0
788,221,0
788,222,0
788,223,0
788,224,0
788,225,0
788,226,0
788,227,0
788,228,0
788,229,0
788,230,0
788,231,0
788,232,0
788,233,0
788,234,0
788,252,0
788,253,0
788,254,0
788,255,0
788,256,0
788,257,0
788,258,0
788,259,0
788,260,0
788,261,0
788,262,0
788,263,0
788,268,0
788,269,0
788,270,0
788,271,0
789,224,0
789,225,0
789,226,0
789,231,0
789,232,0
789,233,0
789,234,0
789,235,0
789,236,0
789,237,0
789,238,0
789,243,0
789,244,0
789,245,0
789,246,0
789,252,0
789,253,0
789,255,0
789,256,0
789,258,0
789,259,0
789,272,0
789,273,0
789,274,0
789,275,0
790,224,0
790,226,0
790,228,0
790,229,0
790,230,0
790,231,0
790,232,0
790,233,0
790,234,0
790,235,0
790,236,0
790,237,0
790,238,0
790,243,0
790,244,0
790,245,0
790,246,0
790,251,0
790,252,0
790,253,0
790,254,0
790,255,0
790,256,0
790,257,0
790,259,0
790,270,0
790,272,0
790,273,0
790,274,0
790,275,0
791,219,0
791,220,0
791,221,0
791,222,0
791,223,0
791,224,0
791,226,0
791,244,0
791,245,0
791,246,0
791,252,0
791,253,0
791,254,0
791,255,0
791,256,0
791,257,0
791,258,0
791,259,0
791,260,0
791,261,0
791,262,0
791,263,0
792,219,0
792,220,0
792,221,0
792,222,0
792,223,0
792,224,0
792,226,0
792,243,0
792,244,0
792,245,0
792,246,0
792,251,0
792,252,0
792,253,0
792,254,0
792,255,0
792,256,0
792,257,0
792,258,0
792,259,0
792,260,0
792,261,0
792,262,0
792,263,0
793,231,0
793,243,0
793,244,0
793,245,0
793,246,0
793,247,0
793,248,0
793,249,0
793,250,0
793,251,0
793,252,0
793,253,0
793,254,0
793,255,0
794,227,0
794,229,0
794,231,0
794,234,0
794,243,0
794,244,0
794,245,0
794,246,0
794,247,0
794,248,0
794,249,0
794,250,0
794,251,0
794,252,0
794,253,0
794,254,0
794,255,0
794,256,0
795,224,0
795,227,0
795,228,0
795,229,0
795,230,0
795,231,0
795,232,0
795,233,0
795,234,0
796,225,0
796,227,0
796,228,0
796,229,0
796,230,0
796,231,0
796,232,0
796,233,0
796,234,0
851,232,0
852,232,0
854,231,0
854,232,0
854,233,0
854,234,0
855,231,0
855,232,0
855,233,0
855,234,0
856,229,0
856,231,0
856,232,0
856,233,0
856,234,0
857,231,0
857,232,0
857,233,0
857,234,0
858,228,0
858,231,0
858,232,0
858,233,0
858,234,0
859,228,0
859,229,0
859,230,0
859,231,0
859,232,0
859,233,0
859,234,0
860,228,0
860,230,0
860,231,0
860,232,0
860,233,0
860,234,0
861,228,0
861,229,0
861,230,0
861,231,0
861,232,0
861,233,0
861,234,0
862,232,0
862,234,0
1084,1012,0
1084,1013,0
1084,1014,0
1084,1015,0
1084,1016,0
1084,1017,0
1084,1018,0
1084,1019,0
1084,1020,0
1084,1021,0
1084,1022,0
1084,1023,0
1084,1024,0
1085,1012,0
1085,1013,0
1085,1014,0
1085,1015,0
1085,1016,0
1085,1017,0
1085,1018,0
1085,1019,0
1085,1020,0
1085,1021,0
1085,1022,0
1085,1023,0
1085,1024,0
1086,1008,0
1086,1009,0
1086,1010,0
1086,1011,0
1086,1012,0
1086,1013,0
1086,1014,0
1086,1015,0
1086,1016,0
1086,1017,0
1086,1018,0
1086,1019,0
1086,1020,0
1086,1021,0
1086,1022,0
1086,1023,0
1086,1024,0
1086,1025,0
1086,1026,0
1086,1027,0
1086,1028,0
1086,1029,0
1086,1030,0
1086,1031,0
1086,1032,0
1087,1008,0
1087,1009,0
1087,1010,0
1087,1011,0
1087,1012,0
1087,1013,0
1087,1014,0
1087,1015,0
1087,1016,0
1087,1017,0
1087,1018,0
1087,1019,0
1087,1020,0
1087,1021,0
1087,1022,0
1087,1023,0
1087,1024,0
1087,1025,0
1087,1026,0
1087,1027,0
1087,1028,0
1087,1029,0
1087,1030,0
1087,1031,0
1087,1032,0
1088,984,0
1088,985,0
1088,986,0
1088,987,0
1088,988,0
1088,989,0
1088,990,0
1088,991,0
1088,992,0
1088,1004,0
1088,1005,0
1088,1006,0
1088,1007,0
1088,1008,0
1088,1009,0
1088,1010,0
1088,1011,0
1088,1012,0
1088,1013,0
1088,1014,0
1088,1015,0
1088,1016,0
1088,1017,0
1088,1018,0
1088,1019,0
1088,1020,0
1088,1021,0
1088,1022,0
1088,1023,0
1088,1024,0
1088,1025,0
1088,1026,0
1088,1027,0
1088,1028,0
1088,1029,0
1088,1030,0
1088,1031,0
1088,1032,0
1089,976,0
1089,977,0
1089,978,0
1089,979,0
1089,980,0
1089,981,0
1089,982,0
1089,983,0
1089,984,0
1089,985,0
1089,986,0
1089,987,0
1089,988,0
1089,989,0
1089,990,0
1089,991,0
1089,992,0
1089,993,0
1089,994,0
1089,995,0
1089,996,0
1089,997,0
1089,998,0
1089,999,0
1089,1004,0
1089,1005,0
1089,1006,0
1089,1007,0
1089,1008,0
1089,1009,0
1089,1010,0
1089,1011,0
1089,1012,0
1089,1013,0
1089,1014,0
1089,1015,0
1089,1016,0
1089,1017,0
1089,1018,0
1089,1019,0
1089,1020,0
1089,1021,0
1089,1022,0
1089,1023,0
1089,1024,0
1089,1025,0
1089,1026,0
1089,1027,0
1089,1028,0
1089,1029,0
1089,1030,0
1089,1031,0
1089,1032,0
1090,976,0
1090,977,0
1090,978,0
1090,979,0
1090,980,0
1090,981,0
1090,982,0
1090,983,0
1090,984,0
1090,985,0
1090,986,0
1090,987,0
1090,988,0
1090,989,0
1090,990,0
1090,991,0
1090,992,0
1090,993,0
1090,994,0
1090,995,0
1090,996,0
1090,997,0
1090,998,0
1090,999,0
1090,1004,0
1090,1005,0
1090,1006,0
1090,1007,0
1090,1008,0
1090,1009,0
1090,1010,0
1090,1011,0
1090,1012,0
1090,1013,0
1090,1014,0
1090,1015,0
1090,1016,0
1090,1017,0
1090,1018,0
1090,1019,0
1090,1020,0
1090,1021,0
1090,1022,0
1090,1023,0
1090,1024,0
1090,1025,0
1090,1026,0
1090,1027,0
1090,1028,0
1090,1029,0
1090,1030,0
1090,1031,0
1090,1032,0
1091,976,0
1091,977,0
1091,978,0
1091,979,0
1091,980,0
1091,981,0
1091,982,0
1091,983,0
1091,984,0
1091,985,0
1091,986,0
1091,987,0
1091,988,0
1091,989,0
1091,990,0
1091,991,0
1091,992,0
1091,993,0
1091,994,0
1091,995,0
1091,996,0
1091,997,0
1091,998,0
1091,999,0
1091,1000,0
1091,1002,0
1091,1004,0
1091,1005,0
1091,1006,0
1091,1007,0
1091,1008,0
1091,1009,0
1091,1010,0
1091,1011,0
1091,1012,0
1091,1013,0
1091,1014,0
1091,1015,0
1091,1016,0
1091,1017,0
1091,1018,0
1091,1019,0
1091,1020,0
1091,1021,0
1091,1022,0
1091,1023,0
1091,1024,0
1091,1025,0
1091,1026,0
1091,1027,0
1091,1028,0
1091,1029,0
1091,1030,0
1091,1031,0
1091,1032,0
1091,1033,0
1091,1034,0
1091,1035,0
1091,1036,0
1092,976,0
1092,977,0
1092,978,0
1092,979,0
1092,980,0
1092,981,0
1092,982,0
1092,983,0
1092,984,0
1092,985,0
1092,986,0
1092,987,0
1092,988,0
1092,989,0
1092,990,0
1092,991,0
1092,992,0
1092,993,0
1092,994,0
1092,995,0
1092,996,0
1092,997,0
1092,998,0
1092,999,0
1092,1002,0
1092,1004,0
1092,1005,0
1092,1006,0
1092,1007,0
1092,1008,0
1092,1009,0
1092,1010,0
1092,1011,0
1092,1012,0
1092,1013,0
1092,1014,0
1092,1015,0
1092,1016,0
1092,1017,0
1092,1018,0
1092,1019,0
1092,1020,0
1092,1021,0
1092,1022,0
1092,1023,0
1092,1024,0
1092,1025,0
1092,1026,0
1092,1027,0
1092,1028,0
1092,1029,0
1092,1030,0
1092,1031,0
1092,1032,0
1092,1033,0
1092,1034,0
1092,1035,0
1092,1036,0
1093,972,0
1093,973,0
1093,974,0
1093,975,0
1093,976,0
1093,977,0
1093,978,0
1093,979,0
1093,980,0
1093,981,0
1093,982,0
1093,983,0
1093,984,0
1093,985,0
1093,986,0
1093,987,0
1093,988,0
1093,989,0
1093,990,0
1093,991,0
1093,992,0
1093,993,0
1093,994,0
1093,995,0
1093,996,0
1093,997,0
1093,998,0
1093,999,0
1093,1000,0
1093,1001,0
1093,1002,0
1093,1003,0
1093,1008,0
1093,1009,0
1093,1010,0
1093,1011,0
1093,1012,0
1093,1013,0
1093,1014,0
1093,1015,0
1093,1016,0
1093,1017,0
1093,1018,0
1093,1019,0
1093,1020,0
1093,1021,0
1093,1022,0
1093,1023,0
1093,1024,0
1093,1025,0
1093,1026,0
1093,1027,0
1093,1028,0
1093,1029,0
1093,1030,0
1093,1031,0
1093,1032,0
1093,1033,0
1093,1034,0
1093,1035,0
1093,1036,0
1094,972,0
1094,973,0
1094,974,0
1094,975,0
1094,976,0
1094,977,0
1094,978,0
1094,979,0
1094,980,0
1094,981,0
1094,982,0
1094,983,0
1094,984,0
1094,985,0
1094,986,0
1094,987,0
1094,988,0
1094,989,0
1094,990,0
1094,991,0
1094,992,0
1094,993,0
1094,994,0
1094,995,0
1094,996,0
1094,997,0
1094,998,0
1094,999,0
1094,1000,0
1094,1001,0
1094,1002,0
1094,1003,0
1094,1008,0
1094,1009,0
1094,1010,0
1094,1011,0
1094,1012,0
1094,1013,0
1094,1014,0
1094,1015,0
1094,1016,0
1094,1017,0
1094,1018,0
1094,1019,0
1094,1020,0
1094,1021,0
1094,1022,0
1094,1023,0
1094,1024,0
1094,1025,0
1094,1026,0
1094,1027,0
1094,1028,0
1094,1029,0
1094,1030,0
1094,1031,0
1094,1032,0
1094,1033,0
1094,1034,0
1094,1035,0
1094,1036,0
1095,972,0
1095,973,0
1095,974,0
1095,975,0
1095,976,0
1095,977,0
1095,978,0
1095,979,0
1095,980,0
1095,981,0
1095,982,0
1095,983,0
1095,984,0
1095,985,0
1095,986,0
1095,987,0
1095,988,0
1095,989,0
1095,990,0
1095,991,0
1095,992,0
1095,993,0
1095,994,0
1095,995,0
1095,996,0
1095,997,0
1095,998,0
1095,999,0
1095,1000,0
1095,1001,0
1095,1002,0
1095,1003,0
1095,1008,0
1095,1009,0
1095,1010,0
1095,1011,0
1095,1012,0
1095,1013,0
1095,1014,0
1095,1015,0
1095,1016,0
1095,1017,0
1095,1018,0
1095,1019,0
1095,1020,0
1095,1021,0
1095,1022,0
1095,1023,0
1095,1024,0
1095,1025,0
1095,1026,0
1095,1027,0
1095,1028,0
1095,1029,0
1095,1030,0
1095,1031,0
1095,1032,0
1095,1034,0
1095,1036,0
1096,972,0
1096,973,0
1096,974,0
1096,975,0
1096,976,0
1096,977,0
1096,978,0
1096,979,0
1096,980,0
1096,981,0
1096,982,0
1096,983,0
1096,984,0
1096,985,0
1096,986,0
1096,987,0
1096,988,0
1096,989,0
1096,990,0
1096,991,0
1096,992,0
1096,993,0
1096,994,0
1096,995,0
1096,996,0
1096,997,0
1096,998,0
1096,999,0
1096,1000,0
1096,1001,0
1096,1002,0
1096,1003,0
1096,1008,0
1096,1009,0
1096,1010,0
1096,1011,0
1096,1012,0
1096,1013,0
1096,1014,0
1096,1015,0
1096,1016,0
1096,1017,0
1096,1018,0
1096,1019,0
1096,1020,0
1096,1021,0
1096,1022,0
1096,1023,0
1096,1024,0
1096,1025,0
1096,1026,0
1096,1027,0
1096,1028,0
1096,1029,0
1096,1030,0
1096,1031,0
1096,1032,0
1096,1033,0
1096,1036,0
1097,972,0
1097,973,0
1097,974,0
1097,975,0
1097,976,0
1097,977,0
1097,978,0
1097,979,0
1097,980,0
1097,981,0
1097,982,0
1097,983,0
1097,984,0
1097,985,0
1097,986,0
1097,987,0
1097,988,0
1097,989,0
1097,990,0
1097,991,0
1097,992,0
1097,993,0
1097,994,0
1097,995,0
1097,996,0
1097,997,0
1097,998,0
1097,999,0
1097,1000,0
1097,1001,0
1097,1002,0
1097,1003,0
1097,1008,0
1097,1009,0
1097,1010,0
1097,1011,0
1097,1012,0
1097,1013,0
1097,1014,0
1097,1015,0
1097,1016,0
1097,1017,0
1097,1018,0
1097,1019,0
1097,1020,0
1097,1021,0
1097,1022,0
1097,1023,0
1097,1024,0
1097,1025,0
1097,1026,0
1097,1027,0
1097,1028,0
1097,1029,0
1097,1030,0
1097,1031,0
1097,1032,0
1098,976,0
1098,977,0
1098,978,0
1098,979,0
1098,980,0
1098,981,0
1098,982,0
1098,983,0
1098,984,0
1098,985,0
1098,986,0
1098,987,0
1098,988,0
1098,989,0
1098,990,0
1098,991,0
1098,992,0
1098,993,0
1098,994,0
1098,995,0
1098,996,0
1098,997,0
1098,998,0
1098,999,0
1098,1000,0
1098,1001,0
1098,1002,0
1098,1003,0
1098,1012,0
1098,1014,0
1098,1016,0
1098,1017,0
1098,1018,0
1098,1019,0
1098,1020,0
1098,1021,0
1098,1022,0
1098,1023,0
1098,1024,0
1098,1028,0
1099,976,0
1099,977,0
1099,978,0
1099,979,0
1099,980,0
1099,981,0
1099,982,0
1099,983,0
1099,984,0
1099,985,0
1099,986,0
1099,987,0
1099,988,0
1099,989,0
1099,990,0
1099,991,0
1099,992,0
1099,993,0
1099,994,0
1099,995,0
1099,996,0
1099,997,0
1099,998,0
1099,999,0
1099,1000,0
1099,1001,0
1099,1002,0
1099,1003,0
1099,1014,0
1099,1015,0
1099,1016,0
1099,1017,0
1099,1018,0
1099,1019,0
1099,1020,0
1099,1021,0
1099,1022,0
1099,1023,0
1099,1024,0
1100,976,0
1100,977,0
1100,978,0
1100,979,0
1100,980,0
1100,981,0
1100,982,0
1100,983,0
1100,984,0
1100,985,0
1100,986,0
1100,987,0
1100,988,0
1100,989,0
1100,990,0
1100,991,0
1100,992,0
1100,993,0
1100,994,0
1100,995,0
1100,996,0
1100,997,0
1100,998,0
1100,999,0
1101,976,0
1101,977,0
1101,978,0
1101,979,0
1101,980,0
1101,981,0
1101,982,0
1101,983,0
1101,984,0
1101,985,0
1101,986,0
1101,987,0
1101,988,0
1101,989,0
1101,990,0
1101,991,0
1101,992,0
1101,993,0
1101,994,0
1101,995,0
1101,996,0
1101,997,0
1101,998,0
1101,999,0
1102,980,0
1102,981,0
1102,982,0
1102,983,0
1102,984,0
1102,985,0
1102,986,0
1102,987,0
1102,988,0
1102,989,0
1102,990,0
1102,991,0
1102,992,0
1102,993,0
1102,994,0
1102,995,0
1103,980,0
1103,981,0
1103,982,0
1103,983,0
1103,984,0
1103,985,0
1103,986,0
1103,987,0
1103,988,0
1103,989,0
1103,990,0
1103,991,0
1103,992,0
1103,993,0
1103,994,0
1103,995,0
1106,947,0
1106,948,0
1106,949,0
1106,950,0
1106,951,0
1106,952,0
1106,953,0
1106,954,0
1106,955,0
1106,956,0
1106,957,0
1106,958,0
1106,959,0
1106,960,0
1106,961,0
1106,962,0
1106,963,0
1107,947,0
1107,948,0
1107,949,0
1107,950,0
1107,951,0
1107,952,0
1107,953,0
1107,954,0
1107,955,0
1107,956,0
1107,957,0
1107,958,0
1107,959,0
1107,960,0
1107,961,0
1107,962,0
1107,963,0
1108,943,0
1108,944,0
1108,945,0
1108,946,0
1108,947,0
1108,948,0
1108,949,0
1108,950,0
1108,951,0
1108,952,0
1108,953,0
1108,954,0
1108,955,0
1108,956,0
1108,957,0
1108,958,0
1108,959,0
1108,960,0
1108,961,0
1108,962,0
1108,963,0
1108,964,0
1108,965,0
1108,966,0
1108,967,0
1109,943,0
1109,944,0
1109,945,0
1109,946,0
1109,947,0
1109,948,0
1109,949,0
1109,950,0
1109,951,0
1109,952,0
1109,953,0
1109,954,0
1109,955,0
1109,956,0
1109,957,0
1109,958,0
1109,959,0
1109,960,0
1109,961,0
1109,962,0
1109,963,0
1109,964,0
1109,965,0
1109,966,0
1109,967,0
1110,943,0
1110,944,0
1110,945,0
1110,946,0
1110,947,0
1110,948,0
1110,949,0
1110,950,0
1110,951,0
1110,952,0
1110,953,0
1110,954,0
1110,955,0
1110,956,0
1110,957,0
1110,958,0
1110,959,0
1110,960,0
1110,961,0
1110,962,0
1110,963,0
1110,964,0
1110,965,0
1110,966,0
1110,967,0
1111,953,0
1111,954,0
1111,955,0
1111,956,0
1111,957,0
1111,958,0
1111,959,0
1111,960,0
1111,961,0
1111,962,0
1111,963,0
1112,952,0
1112,955,0
1112,956,0
1112,957,0
1112,958,0
1112,959,0
1112,960,0
1112,961,0
1112,962,0
1112,963,0
1114,963,0
