659,231,0
659,232,0
659,233,0
659,234,0
660,231,0
660,234,0
662,223,0
664,223,0
665,223,0
671,223,0
671,226,0
672,223,0
672,224,0
672,225,0
672,226,0
673,223,0
673,224,0
673,225,0
673,226,0
675,225,0
676,223,0
676,224,0
676,225,0
677,220,0
677,221,0
677,223,0
678,224,0
678,225,0
678,226,0
679,229,0
679,233,0
681,226,0
681,227,0
681,228,0
681,229,0
681,230,0
682,223,0
682,224,0
682,226,0
682,227,0
682,228,0
682,230,0
699,361,0
699,362,0
699,363,0
699,364,0
699,365,0
699,366,0
699,367,0
699,368,0
699,369,0
700,361,0
700,362,0
700,363,0
700,364,0
700,365,0
700,366,0
700,367,0
700,368,0
700,369,0
701,349,0
701,350,0
701,351,0
701,352,0
701,353,0
701,354,0
701,355,0
701,356,0
701,357,0
701,358,0
701,359,0
701,360,0
701,361,0
701,362,0
701,363,0
701,364,0
701,365,0
701,368,0
701,369,0
702,349,0
702,350,0
702,351,0
702,352,0
702,353,0
702,354,0
702,355,0
702,356,0
702,357,0
702,358,0
702,359,0
702,360,0
702,361,0
702,362,0
702,363,0
702,364,0
702,365,0
703,345,0
703,346,0
706,333,0
706,334,0
706,335,0
706,336,0
706,337,0
706,338,0
706,339,0
706,340,0
706,341,0
706,342,0
706,343,0
706,344,0
706,356,0
706,357,0
706,358,0
706,359,0
706,360,0
706,361,0
706,362,0
706,363,0
706,364,0
706,365,0
706,366,0
706,367,0
706,368,0
706,369,0
706,370,0
706,371,0
706,372,0
706,373,0
706,374,0
706,375,0
706,376,0
706,377,0
707,333,0
707,334,0
707,335,0
707,336,0
707,337,0
707,338,0
707,339,0
707,340,0
707,341,0
707,342,0
707,343,0
707,344,0
707,353,0
707,356,0
707,357,0
707,358,0
707,359,0
707,360,0
707,361,0
707,362,0
707,363,0
707,364,0
707,365,0
707,366,0
707,367,0
707,368,0
707,369,0
707,370,0
707,371,0
707,372,0
707,373,0
707,374,0
707,375,0
707,376,0
708,333,0
708,334,0
708,335,0
708,336,0
708,337,0
708,338,0
708,339,0
708,340,0
708,341,0
708,342,0
708,343,0
708,344,0
708,348,0
708,349,0
708,351,0
708,352,0
708,365,0
708,366,0
708,367,0
708,368,0
708,369,0
708,370,0
708,371,0
708,372,0
708,373,0
708,374,0
708,375,0
708,376,0
708,391,0
708,393,0
708,395,0
708,886,0
708,887,0
708,888,0
708,889,0
708,890,0
708,891,0
708,892,0
708,893,0
708,894,0
708,895,0
708,896,0
708,897,0
709,330,0
709,333,0
709,334,0
709,335,0
709,336,0
709,337,0
709,338,0
709,339,0
709,340,0
709,341,0
709,342,0
709,343,0
709,344,0
709,349,0
709,350,0
709,351,0
709,352,0
709,355,0
709,365,0
709,366,0
709,367,0
709,368,0
709,369,0
709,370,0
709,371,0
709,372,0
709,373,0
709,377,0
709,393,0
709,395,0
709,886,0
709,887,0
709,888,0
709,889,0
709,890,0
709,891,0
709,892,0
709,893,0
709,894,0
709,895,0
709,896,0
709,897,0
710,329,0
710,330,0
710,331,0
710,332,0
710,333,0
710,334,0
710,335,0
710,336,0
710,337,0
710,338,0
710,339,0
710,340,0
710,341,0
710,342,0
710,343,0
710,344,0
710,345,0
710,346,0
710,347,0
710,353,0
710,354,0
710,355,0
710,356,0
710,357,0
710,358,0
710,359,0
710,360,0
710,361,0
710,362,0
710,363,0
710,364,0
710,365,0
710,366,0
710,367,0
710,368,0
710,369,0
710,370,0
710,371,0
710,372,0
710,373,0
710,382,0
710,383,0
710,384,0
710,385,0
710,386,0
710,387,0
710,388,0
710,886,0
710,887,0
710,888,0
710,889,0
710,890,0
710,891,0
710,892,0
710,893,0
710,894,0
710,895,0
710,896,0
710,897,0
710,898,0
710,899,0
710,900,0
710,901,0
710,902,0
710,903,0
710,904,0
710,905,0
710,906,0
711,329,0
711,330,0
711,331,0
711,332,0
711,333,0
711,334,0
711,335,0
711,336,0
711,337,0
711,338,0
711,339,0
711,340,0
711,341,0
711,342,0
711,343,0
711,344,0
711,345,0
711,346,0
711,347,0
711,348,0
711,354,0
711,355,0
711,356,0
711,357,0
711,358,0
711,359,0
711,360,0
711,361,0
711,362,0
711,363,0
711,364,0
711,365,0
711,366,0
711,367,0
711,368,0
711,369,0
711,370,0
711,371,0
711,372,0
711,373,0
711,382,0
711,383,0
711,384,0
711,385,0
711,386,0
711,388,0
711,886,0
711,887,0
711,888,0
711,889,0
711,890,0
711,891,0
711,892,0
711,893,0
711,894,0
711,895,0
711,896,0
711,897,0
711,898,0
711,899,0
711,900,0
711,901,0
711,902,0
711,903,0
711,905,0
711,906,0
712,325,0
712,326,0
712,327,0
712,328,0
712,329,0
712,330,0
712,331,0
712,337,0
712,338,0
712,339,0
712,340,0
712,341,0
712,342,0
712,343,0
712,344,0
712,347,0
712,886,0
712,887,0
712,888,0
712,889,0
712,890,0
712,891,0
712,892,0
712,893,0
712,894,0
712,895,0
712,896,0
712,897,0
712,898,0
712,899,0
712,900,0
712,901,0
712,902,0
712,903,0
712,904,0
712,905,0
712,906,0
712,907,0
712,908,0
712,909,0
712,910,0
713,321,0
713,322,0
713,323,0
713,324,0
713,325,0
713,326,0
713,327,0
713,328,0
713,333,0
713,334,0
713,335,0
713,336,0
713,350,0
713,353,0
713,354,0
713,355,0
713,356,0
713,357,0
713,358,0
713,359,0
713,360,0
713,361,0
713,362,0
713,363,0
713,364,0
713,365,0
713,366,0
713,367,0
713,368,0
713,369,0
713,372,0
713,373,0
713,854,0
713,855,0
713,856,0
713,857,0
713,858,0
713,859,0
713,860,0
713,861,0
713,862,0
713,863,0
713,864,0
713,865,0
713,866,0
713,869,0
713,887,0
713,890,0
713,891,0
713,892,0
713,893,0
713,894,0
713,895,0
713,896,0
713,897,0
713,898,0
713,899,0
713,900,0
713,901,0
713,902,0
713,903,0
713,904,0
713,905,0
713,906,0
713,907,0
713,908,0
713,909,0
713,910,0
714,321,0
714,322,0
714,323,0
714,324,0
714,325,0
714,326,0
714,327,0
714,328,0
714,331,0
714,332,0
714,333,0
714,334,0
714,335,0
714,336,0
714,353,0
714,354,0
714,355,0
714,356,0
714,357,0
714,358,0
714,359,0
714,360,0
714,361,0
714,362,0
714,363,0
714,364,0
714,365,0
714,366,0
714,367,0
714,368,0
714,369,0
714,370,0
714,371,0
714,854,0
714,855,0
714,856,0
714,857,0
714,858,0
714,859,0
714,860,0
714,861,0
714,862,0
714,863,0
714,864,0
714,865,0
714,866,0
714,867,0
714,869,0
714,890,0
714,891,0
714,892,0
714,893,0
714,894,0
714,895,0
714,896,0
714,897,0
714,898,0
714,899,0
714,900,0
714,901,0
714,902,0
714,903,0
714,904,0
714,905,0
714,906,0
714,907,0
714,908,0
714,909,0
714,910,0
715,318,0
715,319,0
715,320,0
715,321,0
715,322,0
715,323,0
715,324,0
715,329,0
715,330,0
715,331,0
715,332,0
715,333,0
715,334,0
715,335,0
715,336,0
715,361,0
715,362,0
715,363,0
715,364,0
715,365,0
715,366,0
715,367,0
715,368,0
715,369,0
715,370,0
715,372,0
715,377,0
715,379,0
715,385,0
715,386,0
715,387,0
715,388,0
715,398,0
715,399,0
715,400,0
715,401,0
715,402,0
715,403,0
715,404,0
715,405,0
715,406,0
715,407,0
715,408,0
715,409,0
715,854,0
715,855,0
715,856,0
715,857,0
715,858,0
715,859,0
715,860,0
715,861,0
715,862,0
715,863,0
715,864,0
715,865,0
715,866,0
715,867,0
715,868,0
715,869,0
715,870,0
715,871,0
715,872,0
715,873,0
715,894,0
715,895,0
715,896,0
715,897,0
715,898,0
715,899,0
715,900,0
715,901,0
715,902,0
715,903,0
715,904,0
715,905,0
715,906,0
716,319,0
716,321,0
716,322,0
716,323,0
716,324,0
716,329,0
716,330,0
716,331,0
716,332,0
716,333,0
716,334,0
716,335,0
716,336,0
716,361,0
716,362,0
716,363,0
716,364,0
716,365,0
716,366,0
716,367,0
716,368,0
716,369,0
716,374,0
716,375,0
716,379,0
716,380,0
716,381,0
716,382,0
716,383,0
716,384,0
716,385,0
716,398,0
716,399,0
716,400,0
716,401,0
716,402,0
716,403,0
716,404,0
716,405,0
716,406,0
716,407,0
716,408,0
716,851,0
716,852,0
716,854,0
716,855,0
716,856,0
716,857,0
716,858,0
716,859,0
716,860,0
716,861,0
716,862,0
716,863,0
716,864,0
716,865,0
716,866,0
716,867,0
716,868,0
716,869,0
716,870,0
716,871,0
716,872,0
716,873,0
716,894,0
716,895,0
716,896,0
716,897,0
716,898,0
716,899,0
716,900,0
716,901,0
716,902,0
716,903,0
716,904,0
716,905,0
716,906,0
717,317,0
717,318,0
717,319,0
717,321,0
717,325,0
717,326,0
717,327,0
717,328,0
717,329,0
717,330,0
717,331,0
717,333,0
717,334,0
717,335,0
717,336,0
717,337,0
717,338,0
717,339,0
717,340,0
717,341,0
717,342,0
717,343,0
717,344,0
717,345,0
717,346,0
717,347,0
717,348,0
717,349,0
717,350,0
717,351,0
717,352,0
717,353,0
717,354,0
717,355,0
717,356,0
717,357,0
717,358,0
717,359,0
717,360,0
717,361,0
717,362,0
717,363,0
717,364,0
717,365,0
717,368,0
717,369,0
717,370,0
717,371,0
717,372,0
717,373,0
717,374,0
717,854,0
717,855,0
717,856,0
717,857,0
717,858,0
717,859,0
717,860,0
717,861,0
717,862,0
717,863,0
717,864,0
717,865,0
717,866,0
717,867,0
717,868,0
717,869,0
717,870,0
717,871,0
717,872,0
717,873,0
717,876,0
718,313,0
718,315,0
718,316,0
718,317,0
718,318,0
718,319,0
718,320,0
718,324,0
718,325,0
718,326,0
718,327,0
718,328,0
718,329,0
718,330,0
718,331,0
718,332,0
718,333,0
718,335,0
718,337,0
718,338,0
718,339,0
718,340,0
718,341,0
718,342,0
718,343,0
718,344,0
718,345,0
718,346,0
718,347,0
718,348,0
718,349,0
718,350,0
718,351,0
718,352,0
718,353,0
718,354,0
718,355,0
718,356,0
718,357,0
718,358,0
718,359,0
718,360,0
718,361,0
718,362,0
718,363,0
718,364,0
718,365,0
718,371,0
718,372,0
718,854,0
718,855,0
718,856,0
718,857,0
718,858,0
718,859,0
718,860,0
718,861,0
718,862,0
718,863,0
718,864,0
718,865,0
718,866,0
718,867,0
718,868,0
718,869,0
718,870,0
718,871,0
718,872,0
718,873,0
718,874,0
718,875,0
719,313,0
719,314,0
719,315,0
719,321,0
719,322,0
719,323,0
719,324,0
719,325,0
719,326,0
719,327,0
719,328,0
719,329,0
719,330,0
719,331,0
719,332,0
719,333,0
719,334,0
719,335,0
719,336,0
719,337,0
719,338,0
719,339,0
719,340,0
719,341,0
719,342,0
719,343,0
719,344,0
719,345,0
719,346,0
719,347,0
719,348,0
719,349,0
719,350,0
719,351,0
719,352,0
719,353,0
719,354,0
719,355,0
719,356,0
719,357,0
719,358,0
719,361,0
719,362,0
719,363,0
719,365,0
719,366,0
719,367,0
719,368,0
719,369,0
719,370,0
719,371,0
719,372,0
719,373,0
719,374,0
719,375,0
719,376,0
719,377,0
719,378,0
719,379,0
719,380,0
719,381,0
719,382,0
719,383,0
719,384,0
719,385,0
719,386,0
719,387,0
719,388,0
719,389,0
719,390,0
719,393,0
719,854,0
719,858,0
719,859,0
719,860,0
719,861,0
719,862,0
719,863,0
719,864,0
719,865,0
719,866,0
719,867,0
719,868,0
719,869,0
719,870,0
719,871,0
719,872,0
719,873,0
720,313,0
720,314,0
720,315,0
720,316,0
720,321,0
720,322,0
720,323,0
720,324,0
720,325,0
720,326,0
720,327,0
720,328,0
720,329,0
720,330,0
720,331,0
720,332,0
720,333,0
720,334,0
720,335,0
720,336,0
720,337,0
720,338,0
720,339,0
720,340,0
720,341,0
720,342,0
720,343,0
720,344,0
720,345,0
720,346,0
720,347,0
720,348,0
720,349,0
720,350,0
720,351,0
720,352,0
720,353,0
720,354,0
720,355,0
720,356,0
720,357,0
720,359,0
720,360,0
720,362,0
720,363,0
720,365,0
720,366,0
720,367,0
720,368,0
720,369,0
720,370,0
720,371,0
720,372,0
720,373,0
720,374,0
720,375,0
720,376,0
720,377,0
720,378,0
720,379,0
720,380,0
720,381,0
720,382,0
720,383,0
720,384,0
720,385,0
720,386,0
720,387,0
720,388,0
720,389,0
720,392,0
720,399,0
720,854,0
720,858,0
720,859,0
720,860,0
720,861,0
720,862,0
720,863,0
720,864,0
720,865,0
720,866,0
720,867,0
720,868,0
720,869,0
720,870,0
720,871,0
720,872,0
720,873,0
721,309,0
721,310,0
721,311,0
721,312,0
721,316,0
721,321,0
721,322,0
721,323,0
721,324,0
721,325,0
721,326,0
721,327,0
721,328,0
721,329,0
721,330,0
721,331,0
721,332,0
721,333,0
721,334,0
721,335,0
721,336,0
721,337,0
721,345,0
721,346,0
721,347,0
721,348,0
721,349,0
721,350,0
721,351,0
721,352,0
721,353,0
721,354,0
721,355,0
721,356,0
721,357,0
721,358,0
721,359,0
721,360,0
721,362,0
721,365,0
721,366,0
721,367,0
721,368,0
721,369,0
721,370,0
721,371,0
721,372,0
721,373,0
721,374,0
721,375,0
721,376,0
721,377,0
721,394,0
721,398,0
721,399,0
721,400,0
721,401,0
721,863,0
721,865,0
722,321,0
722,322,0
722,323,0
722,324,0
722,325,0
722,326,0
722,327,0
722,328,0
722,329,0
722,330,0
722,331,0
722,332,0
722,337,0
722,338,0
722,339,0
722,340,0
722,341,0
722,342,0
722,343,0
722,344,0
722,345,0
722,346,0
722,347,0
722,348,0
722,349,0
722,350,0
722,351,0
722,352,0
722,353,0
722,354,0
722,355,0
722,356,0
722,357,0
722,358,0
722,359,0
722,360,0
722,361,0
722,362,0
722,363,0
722,364,0
722,374,0
722,375,0
722,376,0
723,321,0
723,322,0
723,323,0
723,324,0
723,325,0
723,326,0
723,327,0
723,328,0
723,329,0
723,330,0
723,331,0
723,332,0
723,337,0
723,338,0
723,339,0
723,340,0
723,341,0
723,342,0
723,343,0
723,344,0
723,345,0
723,346,0
723,347,0
723,348,0
723,349,0
723,350,0
723,351,0
723,352,0
723,353,0
723,354,0
723,355,0
723,356,0
723,357,0
723,358,0
723,359,0
723,360,0
723,361,0
723,362,0
723,363,0
723,364,0
723,374,0
723,375,0
724,325,0
724,326,0
724,327,0
724,328,0
724,329,0
724,330,0
724,331,0
724,332,0
724,333,0
724,334,0
724,335,0
724,336,0
724,337,0
724,338,0
724,339,0
724,340,0
724,349,0
724,350,0
724,351,0
724,352,0
724,353,0
724,354,0
724,355,0
724,356,0
724,357,0
724,358,0
724,359,0
724,360,0
724,361,0
724,362,0
724,363,0
724,364,0
724,365,0
724,366,0
724,367,0
724,368,0
724,369,0
724,386,0
724,387,0
724,388,0
724,389,0
724,390,0
724,391,0
724,392,0
724,393,0
724,394,0
724,395,0
724,396,0
725,323,0
725,325,0
725,326,0
725,327,0
725,328,0
725,329,0
725,330,0
725,331,0
725,332,0
725,333,0
725,334,0
725,335,0
725,336,0
725,337,0
725,338,0
725,339,0
725,340,0
725,350,0
725,351,0
725,352,0
725,353,0
725,354,0
725,355,0
725,356,0
725,357,0
725,358,0
725,359,0
725,360,0
725,361,0
725,362,0
725,363,0
725,364,0
725,365,0
725,366,0
725,367,0
725,368,0
725,369,0
725,386,0
725,387,0
725,388,0
725,390,0
725,391,0
725,392,0
725,393,0
725,394,0
725,395,0
725,396,0
726,309,0
726,312,0
726,313,0
726,314,0
726,315,0
726,316,0
726,317,0
726,318,0
726,319,0
726,320,0
726,325,0
726,326,0
726,327,0
726,328,0
726,329,0
726,330,0
726,331,0
726,332,0
726,333,0
726,334,0
726,335,0
726,341,0
726,348,0
726,349,0
726,350,0
726,351,0
726,352,0
726,353,0
726,354,0
726,355,0
726,356,0
726,357,0
726,358,0
726,359,0
726,360,0
726,361,0
726,362,0
726,363,0
726,364,0
726,365,0
726,366,0
726,367,0
726,368,0
726,369,0
726,370,0
726,371,0
726,372,0
726,373,0
726,374,0
726,375,0
726,376,0
726,377,0
726,378,0
726,379,0
726,380,0
726,381,0
726,382,0
726,383,0
726,384,0
726,385,0
726,386,0
726,387,0
726,388,0
726,389,0
726,390,0
726,394,0
726,395,0
727,309,0
727,312,0
727,313,0
727,314,0
727,315,0
727,316,0
727,319,0
727,325,0
727,326,0
727,327,0
727,328,0
727,329,0
727,330,0
727,331,0
727,332,0
727,333,0
727,345,0
727,346,0
727,348,0
727,349,0
727,350,0
727,351,0
727,352,0
727,353,0
727,354,0
727,355,0
727,356,0
727,357,0
727,358,0
727,359,0
727,360,0
727,361,0
727,362,0
727,363,0
727,364,0
727,365,0
727,366,0
727,367,0
727,368,0
727,369,0
727,370,0
727,371,0
727,372,0
727,373,0
727,374,0
727,375,0
727,376,0
727,377,0
727,378,0
727,379,0
727,380,0
727,381,0
727,382,0
727,383,0
727,384,0
727,385,0
727,386,0
727,387,0
727,388,0
727,389,0
727,394,0
727,395,0
727,396,0
728,341,0
728,342,0
728,343,0
728,344,0
728,345,0
728,346,0
728,347,0
728,348,0
728,349,0
728,350,0
728,351,0
728,352,0
728,353,0
728,354,0
728,355,0
728,356,0
728,357,0
728,358,0
728,359,0
728,360,0
728,361,0
728,362,0
728,363,0
728,364,0
729,220,0
729,221,0
729,341,0
729,342,0
729,343,0
729,344,0
729,345,0
729,346,0
729,347,0
729,348,0
729,349,0
729,350,0
729,351,0
729,352,0
729,353,0
729,354,0
729,355,0
729,356,0
729,357,0
729,358,0
729,359,0
729,360,0
729,361,0
729,362,0
729,363,0
729,364,0
730,313,0
730,314,0
730,316,0
730,341,0
730,342,0
730,343,0
730,344,0
730,345,0
730,346,0
730,347,0
730,348,0
730,349,0
730,350,0
730,351,0
730,352,0
730,353,0
730,354,0
730,355,0
730,356,0
730,357,0
730,358,0
730,359,0
730,360,0
730,361,0
730,362,0
730,363,0
730,364,0
731,337,0
731,338,0
731,339,0
731,340,0
731,341,0
731,342,0
731,343,0
731,344,0
731,345,0
731,346,0
731,347,0
731,348,0
731,353,0
731,354,0
731,355,0
731,356,0
732,337,0
732,338,0
732,339,0
732,340,0
732,341,0
732,342,0
732,343,0
732,344,0
732,345,0
732,346,0
732,347,0
732,348,0
732,353,0
732,354,0
732,355,0
732,356,0
733,325,0
733,326,0
733,327,0
733,328,0
733,329,0
733,330,0
733,332,0
733,349,0
733,350,0
733,351,0
733,352,0
733,353,0
733,354,0
733,355,0
733,356,0
733,357,0
733,358,0
733,359,0
733,360,0
734,329,0
734,330,0
734,331,0
734,332,0
734,346,0
734,349,0
734,350,0
734,351,0
734,352,0
734,353,0
734,354,0
734,355,0
734,356,0
734,357,0
734,358,0
734,359,0
734,360,0
735,223,0
735,224,0
735,225,0
735,226,0
735,227,0
735,228,0
735,229,0
735,230,0
735,325,0
735,326,0
735,327,0
735,328,0
735,332,0
735,333,0
735,334,0
735,335,0
735,336,0
735,337,0
735,338,0
735,339,0
735,340,0
735,341,0
735,342,0
735,343,0
735,344,0
735,346,0
735,349,0
735,350,0
735,351,0
735,352,0
735,353,0
735,354,0
735,355,0
735,356,0
736,223,0
736,224,0
736,226,0
736,227,0
736,228,0
736,229,0
736,230,0
736,325,0
736,326,0
736,327,0
736,328,0
736,329,0
736,330,0
736,331,0
736,332,0
736,333,0
736,334,0
736,335,0
736,336,0
736,337,0
736,338,0
736,339,0
736,340,0
736,341,0
736,342,0
736,343,0
736,344,0
736,345,0
736,346,0
736,347,0
736,349,0
736,350,0
736,352,0
736,353,0
736,354,0
736,355,0
736,356,0
737,219,0
737,222,0
737,229,0
737,239,0
737,338,0
737,341,0
737,342,0
737,343,0
737,344,0
737,345,0
737,346,0
737,347,0
737,348,0
737,349,0
737,350,0
737,351,0
737,352,0
737,353,0
737,354,0
737,355,0
737,356,0
737,357,0
737,358,0
737,359,0
737,360,0
737,361,0
737,362,0
737,363,0
737,364,0
737,365,0
737,366,0
737,367,0
737,368,0
737,369,0
737,370,0
737,371,0
737,372,0
737,373,0
737,376,0
737,380,0
738,220,0
738,221,0
738,222,0
738,239,0
738,241,0
738,242,0
738,319,0
738,338,0
738,341,0
738,342,0
738,343,0
738,344,0
738,345,0
738,346,0
738,347,0
738,348,0
738,349,0
738,350,0
738,351,0
738,352,0
738,353,0
738,354,0
738,355,0
738,356,0
738,357,0
738,358,0
738,359,0
738,360,0
738,361,0
738,362,0
738,363,0
738,364,0
738,365,0
738,366,0
738,367,0
738,368,0
738,369,0
738,370,0
738,371,0
738,372,0
738,373,0
738,377,0
739,219,0
739,220,0
739,221,0
739,222,0
739,223,0
739,224,0
739,225,0
739,226,0
739,239,0
739,240,0
739,241,0
739,242,0
739,245,0
739,334,0
739,335,0
739,336,0
739,337,0
739,338,0
739,339,0
739,340,0
739,341,0
739,342,0
739,343,0
739,344,0
739,345,0
739,346,0
739,347,0
739,348,0
739,349,0
739,350,0
739,352,0
739,996,0
739,997,0
739,998,0
739,999,0
739,1000,0
739,1001,0
739,1002,0
739,1003,0
740,232,0
740,239,0
740,240,0
740,241,0
740,242,0
740,243,0
740,244,0
740,245,0
740,246,0
740,247,0
740,248,0
740,249,0
740,250,0
740,251,0
740,333,0
740,334,0
740,335,0
740,336,0
740,992,0
740,993,0
740,994,0
740,995,0
740,996,0
740,997,0
740,998,0
740,999,0
740,1000,0
740,1001,0
740,1002,0
740,1003,0
740,1004,0
740,1005,0
740,1006,0
740,1007,0
740,1009,0
740,1010,0
741,243,0
741,244,0
741,245,0
741,246,0
741,247,0
741,251,0
741,333,0
741,334,0
741,335,0
741,336,0
741,337,0
741,338,0
741,339,0
741,992,0
741,993,0
741,994,0
741,995,0
741,996,0
741,997,0
741,998,0
741,999,0
741,1000,0
741,1001,0
741,1002,0
741,1003,0
741,1004,0
741,1005,0
741,1006,0
741,1007,0
741,1011,0
742,219,0
742,220,0
742,221,0
742,222,0
742,223,0
742,224,0
742,225,0
742,226,0
742,227,0
742,228,0
742,229,0
742,230,0
742,231,0
742,232,0
742,233,0
742,234,0
742,235,0
742,236,0
742,237,0
742,238,0
742,243,0
742,244,0
742,245,0
742,246,0
742,247,0
742,248,0
742,249,0
742,250,0
742,251,0
742,966,0
742,968,0
742,969,0
742,971,0
742,992,0
742,993,0
742,994,0
742,995,0
742,996,0
742,997,0
742,998,0
742,999,0
742,1000,0
742,1001,0
742,1002,0
742,1003,0
742,1004,0
742,1005,0
742,1006,0
742,1007,0
742,1008,0
742,1009,0
742,1010,0
742,1011,0
742,1012,0
742,1013,0
742,1014,0
742,1015,0
743,219,0
743,220,0
743,221,0
743,222,0
743,223,0
743,224,0
743,225,0
743,226,0
743,227,0
743,228,0
743,229,0
743,230,0
743,231,0
743,233,0
743,235,0
743,236,0
743,237,0
743,238,0
743,243,0
743,244,0
743,245,0
743,246,0
743,247,0
743,248,0
743,249,0
743,250,0
743,251,0
743,255,0
743,278,0
743,283,0
743,964,0
743,968,0
743,969,0
743,970,0
743,971,0
743,992,0
743,993,0
743,994,0
743,995,0
743,996,0
743,997,0
743,998,0
743,999,0
743,1000,0
743,1001,0
743,1002,0
743,1003,0
743,1004,0
743,1005,0
743,1006,0
743,1007,0
743,1008,0
743,1009,0
743,1010,0
743,1011,0
743,1012,0
743,1013,0
743,1014,0
743,1015,0
744,221,0
744,222,0
744,223,0
744,224,0
744,235,0
744,236,0
744,237,0
744,238,0
744,239,0
744,240,0
744,241,0
744,242,0
744,243,0
744,244,0
744,245,0
744,246,0
744,247,0
744,248,0
744,249,0
744,250,0
744,251,0
744,252,0
744,253,0
744,254,0
744,255,0
744,268,0
744,269,0
744,271,0
744,272,0
744,273,0
744,274,0
744,275,0
744,276,0
744,277,0
744,278,0
744,279,0
744,280,0
744,282,0
744,283,0
744,321,0
744,322,0
744,323,0
744,325,0
744,961,0
744,962,0
744,963,0
744,964,0
744,965,0
744,966,0
744,967,0
744,968,0
744,969,0
744,970,0
744,971,0
744,972,0
744,973,0
744,974,0
744,975,0
744,976,0
744,978,0
744,996,0
744,997,0
744,998,0
744,999,0
744,1000,0
744,1001,0
744,1002,0
744,1003,0
744,1004,0
744,1005,0
744,1006,0
744,1007,0
744,1008,0
744,1009,0
744,1010,0
744,1011,0
744,1012,0
744,1013,0
744,1014,0
744,1015,0
745,219,0
745,222,0
745,235,0
745,236,0
745,237,0
745,238,0
745,239,0
745,240,0
745,241,0
745,242,0
745,243,0
745,244,0
745,245,0
745,246,0
745,247,0
745,248,0
745,249,0
745,250,0
745,251,0
745,252,0
745,253,0
745,254,0
745,255,0
745,268,0
745,269,0
745,270,0
745,271,0
745,272,0
745,273,0
745,274,0
745,275,0
745,276,0
745,277,0
745,278,0
745,279,0
745,280,0
745,281,0
745,321,0
745,322,0
745,323,0
745,324,0
745,326,0
745,327,0
745,960,0
745,961,0
745,962,0
745,963,0
745,964,0
745,965,0
745,966,0
745,967,0
745,968,0
745,969,0
745,970,0
745,971,0
745,972,0
745,973,0
745,974,0
745,975,0
745,976,0
745,977,0
745,979,0
745,996,0
745,997,0
745,998,0
745,999,0
745,1000,0
745,1001,0
745,1002,0
745,1003,0
745,1004,0
745,1005,0
745,1006,0
745,1007,0
745,1008,0
745,1009,0
745,1010,0
745,1011,0
745,1012,0
745,1013,0
745,1014,0
745,1015,0
746,219,0
746,220,0
746,221,0
746,222,0
746,224,0
746,225,0
746,226,0
746,235,0
746,236,0
746,237,0
746,238,0
746,239,0
746,240,0
746,241,0
746,242,0
746,243,0
746,244,0
746,245,0
746,246,0
746,247,0
746,248,0
746,249,0
746,250,0
746,251,0
746,252,0
746,253,0
746,254,0
746,255,0
746,256,0
746,257,0
746,258,0
746,259,0
746,264,0
746,265,0
746,266,0
746,267,0
746,268,0
746,269,0
746,270,0
746,271,0
746,272,0
746,321,0
746,322,0
746,323,0
746,324,0
746,960,0
746,964,0
746,965,0
746,966,0
746,967,0
746,968,0
746,969,0
746,970,0
746,971,0
746,972,0
746,973,0
746,974,0
746,975,0
746,976,0
746,977,0
746,978,0
746,979,0
746,980,0
746,981,0
746,982,0
746,983,0
746,1000,0
746,1001,0
746,1002,0
746,1003,0
746,1004,0
746,1005,0
746,1006,0
746,1007,0
746,1008,0
746,1009,0
746,1010,0
746,1011,0
746,1012,0
746,1013,0
746,1014,0
746,1015,0
747,219,0
747,220,0
747,221,0
747,222,0
747,223,0
747,224,0
747,233,0
747,235,0
747,236,0
747,237,0
747,238,0
747,239,0
747,240,0
747,241,0
747,242,0
747,243,0
747,244,0
747,245,0
747,246,0
747,247,0
747,248,0
747,249,0
747,250,0
747,251,0
747,252,0
747,253,0
747,254,0
747,255,0
747,256,0
747,257,0
747,258,0
747,259,0
747,261,0
747,262,0
747,263,0
747,264,0
747,265,0
747,266,0
747,267,0
747,268,0
747,269,0
747,270,0
747,271,0
747,273,0
747,274,0
747,317,0
747,318,0
747,319,0
747,320,0
747,321,0
747,322,0
747,323,0
747,324,0
747,964,0
747,965,0
747,966,0
747,967,0
747,968,0
747,969,0
747,970,0
747,971,0
747,972,0
747,973,0
747,974,0
747,975,0
747,976,0
747,977,0
747,978,0
747,979,0
747,980,0
747,981,0
747,982,0
747,983,0
747,1000,0
747,1001,0
747,1002,0
747,1003,0
747,1004,0
747,1005,0
747,1006,0
747,1007,0
747,1008,0
747,1009,0
747,1010,0
747,1011,0
747,1012,0
747,1013,0
747,1014,0
747,1015,0
748,235,0
748,236,0
748,237,0
748,238,0
748,239,0
748,240,0
748,241,0
748,242,0
748,243,0
748,244,0
748,245,0
748,246,0
748,247,0
748,248,0
748,249,0
748,250,0
748,251,0
748,252,0
748,253,0
748,254,0
748,255,0
748,256,0
748,257,0
748,258,0
748,259,0
748,263,0
748,317,0
748,318,0
748,319,0
748,320,0
748,964,0
748,965,0
748,966,0
748,967,0
748,968,0
748,969,0
748,970,0
748,971,0
748,972,0
748,973,0
748,974,0
748,975,0
748,976,0
748,977,0
748,978,0
748,979,0
748,980,0
748,981,0
748,982,0
748,983,0
748,1009,0
748,1010,0
748,1011,0
749,224,0
749,235,0
749,236,0
749,237,0
749,238,0
749,239,0
749,240,0
749,241,0
749,242,0
749,243,0
749,244,0
749,245,0
749,246,0
749,247,0
749,248,0
749,249,0
749,250,0
749,251,0
749,252,0
749,253,0
749,254,0
749,255,0
749,256,0
749,257,0
749,258,0
749,259,0
749,260,0
749,261,0
749,262,0
749,263,0
749,317,0
749,318,0
749,319,0
749,320,0
749,964,0
749,965,0
749,966,0
749,967,0
749,968,0
749,969,0
749,970,0
749,971,0
749,972,0
749,973,0
749,974,0
749,975,0
749,976,0
749,977,0
749,978,0
749,979,0
749,980,0
749,981,0
749,982,0
749,983,0
749,1008,0
750,225,0
750,231,0
750,232,0
750,233,0
750,234,0
750,235,0
750,236,0
750,237,0
750,238,0
750,239,0
750,240,0
750,241,0
750,242,0
750,243,0
750,244,0
750,245,0
750,246,0
750,247,0
750,248,0
750,249,0
750,250,0
750,251,0
750,252,0
750,253,0
750,254,0
750,255,0
750,257,0
750,258,0
750,259,0
750,313,0
750,314,0
750,315,0
750,316,0
750,968,0
750,969,0
750,970,0
750,971,0
750,972,0
750,973,0
750,974,0
750,975,0
750,976,0
750,977,0
750,978,0
750,979,0
750,980,0
750,981,0
750,982,0
750,983,0
751,226,0
751,227,0
751,228,0
751,229,0
751,230,0
751,231,0
751,232,0
751,233,0
751,234,0
751,235,0
751,236,0
751,237,0
751,238,0
751,239,0
751,240,0
751,241,0
751,242,0
751,243,0
751,244,0
751,245,0
751,246,0
751,258,0
751,260,0
751,261,0
751,262,0
751,266,0
751,309,0
751,310,0
751,311,0
751,312,0
751,972,0
751,973,0
751,974,0
751,975,0
751,976,0
751,977,0
751,978,0
751,979,0
752,227,0
752,228,0
752,229,0
752,230,0
752,231,0
752,232,0
752,233,0
752,234,0
752,235,0
752,236,0
752,237,0
752,238,0
752,239,0
752,240,0
752,241,0
752,242,0
752,243,0
752,244,0
752,245,0
752,246,0
752,258,0
752,260,0
752,261,0
752,262,0
752,263,0
752,309,0
752,310,0
752,311,0
752,312,0
752,972,0
752,973,0
752,975,0
752,976,0
752,977,0
752,978,0
752,979,0
753,219,0
753,220,0
753,221,0
753,222,0
753,223,0
753,224,0
753,225,0
753,226,0
753,227,0
753,228,0
753,229,0
753,230,0
753,231,0
753,232,0
753,233,0
753,234,0
753,235,0
753,236,0
753,237,0
753,238,0
753,239,0
753,240,0
753,241,0
753,242,0
753,243,0
753,244,0
753,245,0
753,246,0
753,247,0
753,248,0
753,249,0
753,250,0
753,251,0
753,252,0
753,253,0
753,254,0
753,255,0
753,256,0
753,257,0
753,258,0
753,259,0
753,260,0
753,261,0
753,262,0
753,263,0
753,264,0
753,266,0
753,304,0
753,305,0
753,306,0
753,307,0
753,308,0
753,310,0
754,219,0
754,220,0
754,221,0
754,222,0
754,223,0
754,224,0
754,225,0
754,226,0
754,227,0
754,228,0
754,229,0
754,230,0
754,231,0
754,232,0
754,233,0
754,234,0
754,235,0
754,236,0
754,237,0
754,238,0
754,239,0
754,240,0
754,241,0
754,242,0
754,243,0
754,244,0
754,245,0
754,246,0
754,247,0
754,248,0
754,249,0
754,250,0
754,251,0
754,252,0
754,253,0
754,254,0
754,255,0
754,256,0
754,257,0
754,258,0
754,259,0
754,260,0
754,261,0
754,262,0
754,263,0
754,264,0
754,266,0
754,305,0
754,306,0
754,307,0
754,308,0
754,310,0
755,219,0
755,220,0
755,221,0
755,222,0
755,223,0
755,224,0
755,225,0
755,226,0
755,227,0
755,228,0
755,229,0
755,230,0
755,231,0
755,232,0
755,233,0
755,234,0
755,235,0
755,236,0
755,237,0
755,238,0
755,239,0
755,240,0
755,241,0
755,242,0
755,243,0
755,244,0
755,245,0
755,246,0
755,247,0
755,248,0
755,249,0
755,250,0
755,251,0
755,252,0
755,253,0
755,254,0
755,255,0
755,257,0
755,258,0
755,259,0
755,260,0
755,262,0
755,263,0
755,265,0
755,266,0
755,301,0
755,302,0
755,303,0
755,304,0
756,219,0
756,220,0
756,221,0
756,222,0
756,223,0
756,224,0
756,225,0
756,226,0
756,227,0
756,228,0
756,229,0
756,230,0
756,231,0
756,232,0
756,233,0
756,234,0
756,235,0
756,236,0
756,237,0
756,238,0
756,239,0
756,240,0
756,241,0
756,242,0
756,243,0
756,244,0
756,245,0
756,246,0
756,247,0
756,248,0
756,249,0
756,250,0
756,251,0
756,252,0
756,253,0
756,254,0
756,255,0
756,256,0
756,257,0
756,258,0
756,259,0
756,262,0
756,301,0
756,302,0
757,219,0
757,220,0
757,221,0
757,222,0
757,223,0
757,224,0
757,225,0
757,226,0
757,227,0
757,228,0
757,229,0
757,230,0
757,231,0
757,232,0
757,233,0
757,234,0
757,235,0
757,236,0
757,237,0
757,238,0
757,239,0
757,240,0
757,241,0
757,242,0
757,243,0
757,244,0
757,245,0
757,246,0
757,247,0
757,250,0
757,302,0
758,219,0
758,221,0
758,222,0
758,223,0
758,224,0
758,225,0
758,226,0
758,227,0
758,228,0
758,229,0
758,230,0
758,231,0
758,232,0
758,233,0
758,234,0
758,235,0
758,236,0
758,237,0
758,238,0
758,239,0
758,240,0
758,241,0
758,242,0
758,243,0
758,244,0
758,245,0
758,246,0
758,247,0
758,250,0
758,251,0
759,223,0
759,224,0
759,225,0
759,226,0
759,227,0
759,228,0
759,229,0
759,230,0
759,231,0
759,232,0
759,233,0
759,234,0
759,235,0
759,236,0
764,231,0
764,232,0
764,233,0
764,234,0
764,235,0
764,236,0
764,237,0
764,238,0
765,231,0
765,232,0
765,233,0
765,234,0
765,235,0
765,236,0
765,237,0
765,238,0
766,231,0
766,232,0
766,233,0
766,234,0
766,235,0
766,236,0
766,237,0
766,238,0
766,239,0
766,241,0
766,248,0
766,254,0
767,231,0
767,232,0
767,233,0
767,234,0
767,235,0
767,236,0
767,237,0
767,238,0
767,239,0
768,231,0
768,232,0
768,233,0
768,234,0
768,235,0
768,236,0
768,237,0
768,238,0
768,240,0
768,242,0
768,243,0
768,245,0
769,227,0
769,228,0
769,229,0
769,230,0
769,235,0
769,236,0
769,237,0
770,227,0
770,228,0
770,229,0
770,230,0
770,235,0
770,236,0
770,237,0
771,227,0
771,228,0
771,229,0
771,230,0
771,231,0
771,232,0
771,233,0
771,234,0
771,235,0
771,236,0
771,237,0
771,238,0
772,227,0
772,228,0
772,229,0
772,230,0
772,231,0
772,232,0
772,233,0
772,234,0
772,235,0
772,236,0
772,237,0
772,238,0
773,227,0
773,228,0
773,229,0
773,230,0
773,231,0
773,232,0
773,233,0
773,234,0
773,235,0
773,236,0
773,237,0
773,238,0
773,239,0
773,240,0
773,242,0
774,227,0
774,228,0
774,229,0
774,230,0
774,231,0
774,232,0
774,233,0
774,234,0
774,235,0
774,236,0
774,237,0
774,238,0
774,239,0
774,241,0
774,242,0
775,220,0
775,227,0
775,228,0
775,229,0
775,230,0
775,231,0
775,232,0
775,233,0
775,234,0
775,235,0
775,236,0
775,237,0
775,238,0
776,227,0
776,228,0
776,229,0
776,230,0
776,231,0
776,232,0
776,233,0
776,234,0
776,235,0
776,236,0
776,237,0
776,238,0
777,223,0
777,224,0
777,225,0
777,226,0
777,227,0
777,228,0
777,229,0
777,230,0
777,231,0
777,232,0
777,233,0
777,234,0
777,235,0
777,236,0
777,237,0
777,238,0
777,1098,0
777,1099,0
777,1100,0
777,1101,0
777,1102,0
777,1103,0
777,1104,0
777,1105,0
777,1106,0
777,1107,0
777,1108,0
777,1109,0
778,223,0
778,224,0
778,225,0
778,226,0
778,227,0
778,228,0
778,229,0
778,230,0
778,231,0
778,232,0
778,233,0
778,234,0
778,235,0
778,236,0
778,237,0
778,238,0
778,1094,0
778,1095,0
778,1096,0
778,1097,0
778,1098,0
778,1099,0
778,1100,0
778,1101,0
778,1102,0
778,1103,0
778,1104,0
778,1105,0
778,1106,0
778,1107,0
778,1108,0
778,1109,0
778,1110,0
778,1111,0
778,1112,0
778,1113,0
779,223,0
779,224,0
779,225,0
779,226,0
779,227,0
779,228,0
779,229,0
779,230,0
779,231,0
779,232,0
779,233,0
779,234,0
779,235,0
779,236,0
779,237,0
779,238,0
779,1094,0
779,1095,0
779,1096,0
779,1097,0
779,1098,0
779,1099,0
779,1100,0
779,1101,0
779,1102,0
779,1103,0
779,1104,0
779,1105,0
779,1106,0
779,1107,0
779,1108,0
779,1109,0
779,1110,0
779,1111,0
779,1112,0
779,1113,0
780,224,0
780,231,0
780,232,0
780,233,0
780,234,0
780,235,0
780,236,0
780,237,0
780,238,0
780,1065,0
780,1066,0
780,1067,0
780,1068,0
780,1069,0
780,1070,0
780,1071,0
780,1072,0
780,1073,0
780,1074,0
780,1075,0
780,1076,0
780,1077,0
780,1078,0
780,1079,0
780,1080,0
780,1081,0
780,1094,0
780,1095,0
780,1096,0
780,1097,0
780,1098,0
780,1099,0
780,1100,0
780,1101,0
780,1102,0
780,1103,0
780,1104,0
780,1105,0
780,1106,0
780,1107,0
780,1108,0
780,1109,0
780,1110,0
780,1111,0
780,1112,0
780,1113,0
780,1114,0
780,1115,0
780,1116,0
780,1117,0
781,231,0
781,232,0
781,233,0
781,234,0
781,235,0
781,236,0
781,237,0
781,238,0
781,1065,0
781,1066,0
781,1067,0
781,1068,0
781,1069,0
781,1070,0
781,1071,0
781,1072,0
781,1073,0
781,1074,0
781,1075,0
781,1076,0
781,1077,0
781,1078,0
781,1079,0
781,1080,0
781,1081,0
781,1094,0
781,1095,0
781,1096,0
781,1097,0
781,1098,0
781,1099,0
781,1100,0
781,1101,0
781,1102,0
781,1103,0
781,1104,0
781,1105,0
781,1106,0
781,1107,0
781,1108,0
781,1109,0
781,1110,0
781,1111,0
781,1112,0
781,1113,0
781,1114,0
781,1115,0
781,1116,0
781,1117,0
782,227,0
782,228,0
782,229,0
782,230,0
782,231,0
782,232,0
782,233,0
782,234,0
782,235,0
782,236,0
782,237,0
782,238,0
782,1065,0
782,1066,0
782,1067,0
782,1068,0
782,1069,0
782,1070,0
782,1071,0
782,1072,0
782,1073,0
782,1074,0
782,1075,0
782,1076,0
782,1077,0
782,1078,0
782,1079,0
782,1080,0
782,1081,0
782,1082,0
782,1083,0
782,1084,0
782,1085,0
782,1094,0
782,1095,0
782,1098,0
782,1099,0
782,1100,0
782,1101,0
782,1102,0
782,1103,0
782,1104,0
782,1105,0
782,1106,0
782,1107,0
782,1108,0
782,1109,0
782,1110,0
782,1111,0
782,1112,0
782,1113,0
782,1114,0
782,1115,0
782,1116,0
782,1117,0
782,1118,0
782,1119,0
782,1120,0
782,1121,0
783,227,0
783,228,0
783,229,0
783,230,0
783,231,0
783,232,0
783,233,0
783,234,0
783,235,0
783,236,0
783,237,0
783,238,0
783,240,0
783,1065,0
783,1066,0
783,1067,0
783,1068,0
783,1069,0
783,1070,0
783,1071,0
783,1072,0
783,1073,0
783,1074,0
783,1075,0
783,1076,0
783,1077,0
783,1078,0
783,1079,0
783,1080,0
783,1081,0
783,1082,0
783,1083,0
783,1084,0
783,1085,0
783,1089,0
783,1097,0
783,1098,0
783,1099,0
783,1100,0
783,1101,0
783,1102,0
783,1103,0
783,1104,0
783,1105,0
783,1106,0
783,1107,0
783,1108,0
783,1109,0
783,1110,0
783,1111,0
783,1112,0
783,1113,0
783,1114,0
783,1115,0
783,1116,0
783,1117,0
783,1118,0
783,1119,0
783,1120,0
783,1121,0
784,231,0
784,232,0
784,233,0
784,234,0
784,235,0
784,236,0
784,237,0
784,238,0
784,1069,0
784,1070,0
784,1071,0
784,1072,0
784,1073,0
784,1074,0
784,1075,0
784,1076,0
784,1077,0
784,1078,0
784,1079,0
784,1080,0
784,1081,0
784,1082,0
784,1083,0
784,1084,0
784,1085,0
784,1086,0
784,1087,0
784,1088,0
784,1089,0
784,1098,0
784,1100,0
784,1101,0
784,1102,0
784,1103,0
784,1104,0
784,1105,0
784,1106,0
784,1107,0
784,1108,0
784,1109,0
784,1110,0
784,1111,0
784,1112,0
784,1113,0
784,1114,0
784,1115,0
784,1116,0
784,1117,0
784,1118,0
784,1119,0
784,1120,0
784,1121,0
785,220,0
785,231,0
785,232,0
785,233,0
785,234,0
785,235,0
785,236,0
785,237,0
785,238,0
785,1065,0
785,1067,0
785,1068,0
785,1069,0
785,1070,0
785,1071,0
785,1072,0
785,1073,0
785,1074,0
785,1075,0
785,1076,0
785,1077,0
785,1078,0
785,1079,0
785,1080,0
785,1081,0
785,1082,0
785,1083,0
785,1084,0
785,1085,0
785,1086,0
785,1087,0
785,1088,0
785,1089,0
785,1100,0
785,1101,0
785,1102,0
785,1103,0
785,1104,0
785,1105,0
785,1106,0
785,1107,0
785,1108,0
785,1109,0
785,1110,0
785,1111,0
785,1112,0
785,1113,0
785,1114,0
785,1115,0
785,1116,0
785,1117,0
785,1118,0
785,1119,0
785,1120,0
785,1121,0
786,219,0
786,220,0
786,221,0
786,222,0
786,223,0
786,224,0
786,225,0
786,226,0
786,227,0
786,228,0
786,230,0
786,231,0
786,232,0
786,233,0
786,234,0
786,235,0
786,236,0
786,237,0
786,238,0
786,1069,0
786,1070,0
786,1071,0
786,1072,0
786,1073,0
786,1074,0
786,1075,0
786,1076,0
786,1077,0
786,1078,0
786,1079,0
786,1080,0
786,1081,0
786,1082,0
786,1083,0
786,1084,0
786,1085,0
786,1086,0
786,1087,0
786,1088,0
786,1089,0
786,1106,0
786,1107,0
786,1108,0
786,1109,0
786,1110,0
786,1111,0
786,1112,0
786,1113,0
786,1114,0
786,1115,0
786,1116,0
786,1117,0
786,1119,0
786,1121,0
787,219,0
787,220,0
787,221,0
787,222,0
787,223,0
787,224,0
787,225,0
787,226,0
787,227,0
787,228,0
787,230,0
787,231,0
787,232,0
787,233,0
787,234,0
787,235,0
787,236,0
787,237,0
787,238,0
787,1069,0
787,1070,0
787,1071,0
787,1072,0
787,1073,0
787,1074,0
787,1075,0
787,1076,0
787,1077,0
787,1078,0
787,1079,0
787,1080,0
787,1081,0
787,1082,0
787,1083,0
787,1084,0
787,1085,0
787,1086,0
787,1087,0
787,1088,0
787,1089,0
787,1090,0
787,1092,0
787,1106,0
787,1107,0
787,1108,0
787,1109,0
787,1110,0
787,1111,0
787,1112,0
787,1113,0
787,1114,0
787,1115,0
787,1116,0
787,1117,0
787,1119,0
788,219,0
788,220,0
788,221,0
788,222,0
788,223,0
788,224,0
788,225,0
788,226,0
788,227,0
788,228,0
788,229,0
788,230,0
788,1073,0
788,1074,0
788,1075,0
788,1076,0
788,1077,0
788,1078,0
788,1079,0
788,1080,0
788,1081,0
788,1082,0
788,1083,0
788,1084,0
788,1085,0
788,1086,0
788,1087,0
788,1088,0
788,1089,0
789,248,0
789,252,0
789,253,0
789,254,0
789,255,0
789,1080,0
789,1081,0
789,1085,0
790,252,0
790,253,0
790,254,0
790,255,0
790,1081,0
790,1082,0
790,1085,0
791,264,0
791,265,0
791,266,0
791,267,0
792,264,0
792,265,0
792,266,0
792,267,0
793,260,0
861,227,0
1106,948,0
1106,949,0
1106,950,0
1106,951,0
1106,952,0
1106,953,0
1106,954,0
1106,955,0
1106,956,0
1106,957,0
1106,958,0
1106,959,0
1106,960,0
1106,961,0
1106,962,0
1106,963,0
1107,947,0
1107,949,0
1107,950,0
1107,951,0
1107,952,0
1107,953,0
1107,954,0
1107,955,0
1107,956,0
1107,957,0
1107,958,0
1107,959,0
1107,960,0
1107,961,0
1107,962,0
1107,963,0
1108,943,0
1108,944,0
1108,945,0
1108,946,0
1108,947,0
1108,948,0
1108,949,0
1108,950,0
1108,951,0
1108,952,0
1108,953,0
1108,954,0
1108,955,0
1108,956,0
1108,957,0
1108,958,0
1108,959,0
1108,960,0
1108,961,0
1108,962,0
1108,963,0
1108,964,0
1108,965,0
1108,966,0
1108,967,0
1109,943,0
1109,944,0
1109,945,0
1109,946,0
1109,947,0
1109,948,0
1109,949,0
1109,950,0
1109,951,0
1109,952,0
1109,953,0
1109,954,0
1109,955,0
1109,956,0
1109,957,0
1109,958,0
1109,959,0
1109,960,0
1109,961,0
1109,962,0
1109,963,0
1109,964,0
1109,965,0
1109,966,0
1109,967,0
1110,943,0
1110,944,0
1110,945,0
1110,946,0
1110,947,0
1110,948,0
1110,949,0
1110,950,0
1110,951,0
1110,952,0
1110,953,0
1110,954,0
1110,955,0
1110,956,0
1110,957,0
1110,958,0
1110,959,0
1110,960,0
1110,961,0
1110,962,0
1110,963,0
1110,964,0
1110,965,0
1110,966,0
1110,967,0
1111,953,0
1111,954,0
1111,955,0
1111,956,0
1111,957,0
1111,958,0
1111,959,0
1111,960,0
1111,961,0
1111,962,0
1111,963,0
1112,952,0
1112,955,0
1112,956,0
1112,957,0
1112,958,0
1112,959,0
1112,960,0
1112,961,0
1112,962,0
1112,963,0
