663,540,0
663,541,0
663,542,0
663,543,0
663,544,0
663,545,0
663,546,0
663,547,0
663,548,0
663,549,0
663,550,0
663,551,0
663,552,0
663,553,0
663,554,0
663,555,0
663,556,0
664,540,0
664,541,0
664,542,0
664,543,0
664,544,0
664,545,0
664,546,0
664,547,0
664,548,0
664,549,0
664,550,0
664,551,0
664,552,0
664,553,0
664,554,0
664,555,0
664,556,0
665,536,0
665,537,0
665,538,0
665,539,0
665,540,0
665,541,0
665,542,0
665,543,0
665,544,0
665,545,0
665,546,0
665,547,0
665,548,0
665,549,0
665,550,0
665,551,0
665,552,0
665,553,0
665,554,0
665,555,0
665,556,0
665,557,0
665,558,0
665,559,0
665,560,0
666,536,0
666,537,0
666,538,0
666,540,0
666,541,0
666,542,0
666,543,0
666,544,0
666,545,0
666,546,0
666,547,0
666,548,0
666,549,0
666,550,0
666,551,0
666,552,0
666,553,0
666,554,0
666,555,0
666,556,0
667,537,0
667,538,0
667,539,0
667,540,0
667,541,0
667,542,0
667,543,0
667,544,0
667,545,0
667,546,0
667,547,0
667,548,0
667,549,0
667,550,0
667,551,0
667,552,0
667,553,0
667,554,0
667,555,0
667,556,0
686,403,0
686,405,0
686,406,0
687,403,0
687,405,0
688,398,0
688,399,0
688,400,0
688,401,0
688,402,0
688,403,0
688,404,0
688,405,0
688,406,0
688,407,0
688,408,0
688,409,0
689,398,0
689,399,0
689,400,0
689,401,0
689,402,0
689,403,0
689,404,0
689,405,0
689,406,0
689,407,0
689,408,0
689,409,0
690,394,0
690,395,0
690,396,0
690,397,0
690,398,0
690,399,0
690,400,0
690,401,0
690,402,0
690,403,0
690,404,0
690,405,0
690,406,0
690,407,0
690,408,0
690,409,0
691,393,0
691,394,0
691,395,0
691,396,0
691,397,0
691,398,0
691,399,0
691,400,0
691,401,0
691,402,0
691,403,0
691,404,0
691,405,0
691,409,0
692,386,0
692,387,0
692,388,0
692,389,0
692,390,0
692,391,0
692,392,0
692,393,0
692,394,0
692,395,0
692,396,0
692,397,0
692,398,0
692,399,0
692,400,0
692,401,0
692,402,0
692,403,0
692,404,0
692,405,0
692,406,0
692,407,0
692,408,0
692,409,0
693,382,0
693,384,0
693,385,0
693,386,0
693,387,0
693,388,0
693,389,0
693,390,0
693,391,0
693,392,0
693,393,0
693,394,0
693,395,0
693,396,0
693,397,0
694,382,0
694,383,0
694,384,0
694,385,0
694,386,0
694,387,0
694,388,0
694,389,0
694,390,0
694,391,0
694,392,0
694,393,0
694,394,0
694,395,0
694,396,0
694,397,0
695,382,0
695,383,0
695,384,0
695,385,0
695,386,0
695,387,0
695,388,0
695,389,0
695,390,0
695,391,0
695,392,0
695,393,0
696,382,0
696,383,0
696,384,0
696,385,0
696,386,0
696,387,0
696,388,0
696,389,0
696,390,0
696,391,0
696,392,0
696,393,0
697,378,0
697,379,0
697,380,0
697,381,0
697,382,0
697,383,0
697,384,0
697,385,0
697,386,0
697,387,0
697,388,0
697,389,0
697,390,0
698,378,0
698,379,0
698,380,0
698,381,0
698,382,0
698,383,0
698,384,0
698,385,0
698,386,0
698,387,0
698,388,0
698,389,0
699,374,0
699,375,0
699,376,0
699,377,0
699,378,0
699,379,0
699,380,0
699,381,0
699,382,0
699,383,0
699,384,0
699,385,0
700,374,0
700,375,0
700,376,0
700,377,0
700,378,0
700,379,0
700,380,0
700,381,0
700,382,0
700,383,0
700,384,0
700,385,0
701,370,0
701,371,0
701,372,0
701,373,0
701,374,0
701,375,0
701,376,0
701,377,0
701,378,0
701,379,0
701,380,0
701,381,0
702,370,0
702,371,0
702,372,0
702,373,0
702,374,0
702,375,0
702,376,0
702,377,0
702,378,0
702,379,0
702,380,0
702,381,0
703,365,0
703,366,0
703,367,0
703,368,0
703,369,0
703,370,0
703,371,0
703,372,0
703,373,0
703,374,0
703,375,0
703,376,0
703,377,0
704,361,0
704,362,0
704,363,0
704,364,0
704,365,0
704,366,0
704,367,0
704,368,0
704,369,0
705,361,0
705,362,0
705,363,0
705,364,0
705,365,0
705,366,0
705,367,0
705,368,0
705,369,0
706,357,0
706,361,0
706,362,0
706,363,0
706,364,0
706,365,0
706,366,0
706,367,0
706,368,0
707,357,0
707,358,0
707,359,0
707,360,0
707,361,0
707,362,0
707,363,0
707,364,0
707,366,0
707,367,0
707,368,0
708,357,0
708,358,0
708,359,0
708,360,0
708,361,0
709,355,0
709,356,0
709,357,0
709,358,0
709,359,0
709,360,0
709,361,0
709,362,0
709,363,0
709,364,0
710,353,0
710,354,0
710,355,0
711,353,0
711,354,0
711,355,0
711,356,0
711,357,0
711,359,0
711,360,0
712,349,0
712,350,0
712,351,0
712,352,0
712,353,0
713,345,0
713,346,0
713,348,0
713,350,0
714,345,0
714,346,0
714,347,0
714,348,0
714,350,0
715,333,0
715,342,0
715,344,0
715,348,0
716,340,0
716,345,0
716,346,0
716,347,0
716,348,0
718,338,0
718,340,0
721,260,0
721,261,0
721,262,0
721,263,0
722,257,0
722,258,0
722,259,0
722,260,0
722,261,0
722,262,0
722,263,0
723,259,0
723,260,0
723,261,0
723,262,0
723,263,0
724,256,0
724,257,0
724,258,0
724,259,0
724,260,0
725,256,0
725,257,0
725,258,0
725,259,0
726,256,0
726,257,0
726,258,0
726,259,0
726,284,0
726,286,0
726,287,0
726,289,0
726,290,0
726,291,0
727,254,0
727,255,0
727,256,0
727,257,0
727,258,0
727,259,0
727,284,0
727,286,0
727,287,0
727,288,0
727,289,0
727,290,0
727,291,0
728,252,0
728,253,0
728,254,0
728,255,0
728,284,0
728,288,0
728,289,0
728,290,0
728,291,0
729,252,0
729,253,0
729,254,0
729,255,0
729,288,0
729,289,0
729,290,0
729,291,0
730,247,0
730,248,0
730,249,0
730,250,0
730,251,0
730,252,0
730,253,0
730,254,0
730,255,0
731,243,0
731,244,0
731,245,0
731,246,0
731,247,0
731,248,0
731,249,0
731,250,0
731,251,0
732,243,0
732,244,0
732,245,0
732,246,0
732,247,0
732,248,0
732,249,0
732,250,0
732,251,0
732,255,0
733,243,0
733,244,0
733,245,0
733,246,0
733,247,0
733,248,0
733,250,0
734,243,0
734,244,0
734,245,0
734,246,0
778,250,0
779,244,0
779,247,0
780,252,0
780,253,0
780,254,0
780,255,0
780,256,0
780,257,0
780,258,0
780,259,0
781,252,0
781,253,0
781,254,0
781,255,0
781,256,0
781,257,0
781,258,0
781,259,0
781,260,0
782,224,0
782,226,0
782,260,0
782,261,0
782,262,0
782,263,0
782,264,0
782,265,0
782,266,0
782,267,0
782,268,0
783,224,0
783,225,0
783,226,0
783,260,0
783,261,0
783,262,0
783,263,0
783,264,0
783,265,0
783,266,0
783,267,0
784,223,0
784,224,0
784,225,0
784,226,0
784,267,0
784,268,0
784,269,0
784,270,0
784,271,0
785,223,0
785,224,0
785,225,0
785,226,0
785,266,0
785,268,0
785,269,0
785,270,0
785,271,0
786,223,0
786,224,0
786,225,0
786,226,0
786,272,0
786,273,0
786,274,0
786,275,0
787,223,0
787,224,0
787,225,0
787,226,0
787,272,0
787,273,0
787,274,0
787,275,0
788,241,0
788,249,0
788,252,0
788,253,0
788,254,0
788,255,0
788,256,0
788,257,0
788,258,0
788,259,0
788,260,0
788,261,0
788,262,0
788,263,0
789,243,0
789,244,0
789,245,0
789,246,0
789,247,0
789,248,0
789,249,0
789,250,0
789,251,0
790,243,0
790,244,0
790,245,0
790,246,0
790,247,0
790,248,0
790,249,0
790,250,0
790,251,0
790,277,0
672,557,0
672,558,0
672,559,0
672,560,0
672,561,0
672,562,0
672,563,0
672,564,0
672,565,0
672,566,0
672,567,0
672,568,0
672,569,0
672,570,0
672,571,0
672,572,0
672,573,0
672,574,0
672,575,0
672,576,0
673,557,0
673,558,0
673,559,0
673,560,0
673,561,0
673,562,0
673,563,0
673,564,0
673,565,0
673,566,0
673,567,0
673,568,0
673,569,0
673,570,0
673,571,0
673,572,0
673,573,0
673,574,0
673,575,0
673,576,0
674,557,0
674,558,0
674,559,0
674,560,0
674,561,0
674,562,0
674,563,0
674,564,0
674,565,0
674,566,0
674,567,0
674,568,0
674,569,0
674,570,0
674,571,0
674,572,0
674,573,0
674,574,0
674,575,0
674,576,0
675,561,0
675,562,0
675,563,0
675,564,0
675,565,0
675,566,0
675,567,0
675,568,0
675,569,0
675,570,0
675,571,0
675,572,0
675,573,0
675,575,0
675,576,0
676,561,0
676,562,0
676,563,0
676,564,0
676,565,0
676,566,0
676,567,0
676,568,0
676,569,0
676,570,0
676,571,0
676,572,0
676,573,0
676,575,0
695,385,0
695,386,0
695,387,0
695,388,0
695,389,0
695,390,0
695,391,0
695,392,0
695,393,0
695,394,0
695,395,0
695,396,0
695,397,0
695,398,0
696,382,0
696,385,0
696,386,0
696,387,0
696,388,0
696,389,0
696,390,0
696,391,0
696,392,0
696,393,0
696,394,0
696,395,0
696,396,0
696,397,0
696,398,0
696,400,0
696,402,0
696,403,0
697,378,0
697,379,0
697,380,0
697,382,0
697,383,0
697,384,0
697,385,0
697,386,0
697,387,0
697,388,0
697,389,0
697,391,0
697,392,0
697,393,0
697,394,0
697,395,0
697,396,0
698,380,0
698,381,0
698,382,0
698,383,0
698,384,0
698,385,0
698,386,0
698,387,0
698,388,0
698,389,0
698,390,0
698,391,0
698,392,0
698,393,0
699,378,0
699,379,0
699,380,0
699,381,0
699,382,0
699,383,0
699,384,0
699,385,0
700,380,0
700,381,0
700,382,0
700,383,0
700,384,0
700,385,0
701,370,0
701,371,0
701,372,0
701,374,0
701,375,0
701,376,0
701,377,0
701,378,0
701,380,0
701,382,0
701,383,0
701,384,0
701,385,0
701,388,0
701,389,0
702,375,0
702,376,0
702,377,0
702,382,0
702,383,0
702,384,0
702,385,0
702,386,0
702,387,0
702,388,0
702,389,0
703,365,0
703,366,0
703,367,0
703,368,0
703,369,0
703,372,0
704,361,0
704,362,0
704,363,0
705,361,0
705,362,0
705,364,0
706,357,0
706,361,0
706,362,0
706,363,0
706,364,0
707,358,0
707,359,0
707,360,0
707,361,0
707,362,0
707,363,0
707,364,0
715,341,0
717,341,0
717,342,0
717,343,0
717,344,0
719,333,0
719,334,0
719,335,0
719,336,0
719,337,0
719,338,0
719,339,0
719,340,0
720,333,0
720,334,0
720,335,0
720,336,0
720,337,0
720,338,0
720,339,0
720,340,0
721,326,0
721,327,0
721,329,0
721,330,0
721,331,0
721,332,0
721,333,0
721,334,0
721,335,0
721,336,0
722,317,0
722,318,0
722,319,0
722,320,0
722,321,0
722,322,0
722,323,0
722,324,0
722,325,0
722,326,0
722,327,0
722,328,0
722,329,0
722,330,0
722,331,0
722,332,0
723,317,0
723,318,0
723,320,0
723,321,0
723,322,0
723,323,0
723,324,0
723,325,0
723,326,0
723,327,0
723,328,0
723,329,0
723,330,0
723,331,0
723,332,0
724,309,0
724,310,0
724,311,0
724,312,0
724,313,0
724,314,0
724,315,0
724,316,0
724,317,0
724,318,0
724,319,0
724,320,0
724,321,0
724,322,0
724,323,0
724,324,0
724,325,0
724,326,0
724,327,0
724,328,0
725,310,0
725,312,0
725,313,0
725,314,0
725,315,0
725,316,0
725,317,0
725,318,0
725,319,0
725,320,0
725,321,0
725,322,0
725,323,0
725,324,0
725,326,0
725,328,0
726,302,0
726,304,0
726,305,0
726,306,0
726,307,0
726,308,0
726,309,0
726,310,0
726,311,0
726,312,0
726,313,0
726,314,0
726,315,0
726,316,0
726,317,0
726,318,0
726,319,0
726,320,0
726,321,0
726,322,0
726,323,0
726,324,0
727,302,0
727,304,0
727,305,0
727,306,0
727,307,0
727,308,0
727,309,0
727,310,0
727,311,0
727,312,0
727,313,0
727,314,0
727,315,0
727,316,0
727,317,0
727,318,0
727,319,0
727,320,0
727,322,0
728,269,0
728,270,0
728,271,0
728,296,0
728,298,0
728,299,0
728,300,0
728,301,0
728,302,0
728,303,0
728,304,0
728,305,0
728,306,0
728,307,0
728,308,0
728,309,0
728,310,0
728,311,0
728,312,0
728,313,0
728,314,0
728,315,0
728,316,0
728,318,0
729,298,0
729,299,0
729,300,0
729,301,0
729,302,0
729,303,0
729,304,0
729,305,0
729,306,0
729,307,0
729,308,0
729,309,0
729,310,0
729,311,0
729,312,0
729,313,0
729,314,0
729,315,0
729,316,0
729,317,0
729,318,0
729,319,0
729,320,0
730,268,0
730,269,0
730,270,0
730,271,0
730,272,0
730,273,0
730,274,0
730,275,0
730,276,0
730,277,0
730,278,0
730,279,0
730,280,0
730,281,0
730,282,0
730,283,0
730,284,0
730,292,0
730,296,0
730,297,0
730,298,0
730,299,0
730,300,0
730,301,0
730,302,0
730,303,0
730,304,0
730,305,0
730,306,0
730,307,0
730,308,0
730,309,0
731,233,0
731,234,0
731,235,0
731,236,0
731,237,0
731,238,0
731,239,0
731,240,0
731,241,0
731,242,0
731,243,0
731,244,0
731,245,0
731,260,0
731,261,0
731,262,0
731,263,0
731,264,0
731,265,0
731,266,0
731,267,0
731,268,0
731,269,0
731,270,0
731,271,0
731,272,0
731,273,0
731,274,0
731,275,0
731,276,0
731,277,0
731,278,0
731,279,0
731,280,0
731,281,0
731,282,0
731,283,0
731,284,0
731,285,0
731,286,0
731,287,0
731,288,0
731,289,0
731,290,0
731,291,0
731,292,0
731,293,0
731,294,0
731,295,0
731,296,0
731,297,0
731,298,0
731,299,0
731,300,0
731,301,0
731,302,0
731,303,0
731,304,0
732,232,0
732,235,0
732,236,0
732,237,0
732,238,0
732,239,0
732,240,0
732,241,0
732,242,0
732,245,0
732,264,0
732,265,0
732,266,0
732,267,0
732,268,0
732,269,0
732,270,0
732,271,0
732,272,0
732,273,0
732,274,0
732,275,0
732,276,0
732,277,0
732,278,0
732,279,0
732,280,0
732,281,0
732,282,0
732,283,0
732,284,0
732,285,0
732,286,0
732,287,0
732,288,0
732,289,0
732,290,0
732,291,0
732,292,0
732,293,0
732,294,0
732,295,0
732,296,0
732,297,0
732,298,0
732,299,0
732,300,0
732,301,0
732,302,0
733,224,0
733,226,0
733,227,0
733,228,0
733,229,0
733,230,0
733,231,0
733,232,0
733,233,0
733,234,0
733,235,0
733,236,0
733,237,0
733,238,0
733,239,0
733,240,0
733,241,0
733,242,0
733,252,0
733,253,0
733,254,0
733,255,0
733,256,0
733,257,0
733,258,0
733,259,0
733,260,0
733,261,0
733,262,0
733,263,0
733,264,0
733,265,0
733,266,0
733,267,0
733,268,0
733,269,0
733,270,0
733,271,0
733,272,0
733,273,0
733,274,0
733,275,0
733,276,0
733,277,0
733,278,0
733,279,0
733,280,0
733,281,0
733,282,0
733,283,0
733,284,0
733,285,0
733,286,0
733,287,0
733,288,0
733,289,0
733,290,0
733,291,0
733,292,0
733,293,0
733,294,0
733,295,0
733,297,0
733,298,0
733,299,0
734,224,0
734,225,0
734,226,0
734,227,0
734,228,0
734,229,0
734,230,0
734,231,0
734,232,0
734,233,0
734,234,0
734,235,0
734,236,0
734,237,0
734,238,0
734,239,0
734,240,0
734,241,0
734,242,0
734,252,0
734,253,0
734,254,0
734,255,0
734,256,0
734,257,0
734,258,0
734,259,0
734,260,0
734,261,0
734,262,0
734,263,0
734,264,0
734,265,0
734,266,0
734,267,0
734,268,0
734,269,0
734,270,0
734,271,0
734,272,0
734,273,0
734,274,0
734,275,0
734,276,0
734,277,0
734,278,0
734,279,0
734,280,0
734,281,0
734,282,0
734,283,0
734,284,0
734,285,0
734,286,0
734,287,0
734,288,0
734,289,0
734,290,0
734,291,0
734,292,0
734,293,0
734,294,0
734,295,0
734,296,0
735,221,0
735,246,0
735,247,0
735,248,0
735,249,0
735,250,0
735,251,0
735,252,0
735,253,0
735,254,0
735,255,0
735,256,0
735,257,0
735,258,0
735,259,0
735,260,0
735,261,0
735,262,0
735,263,0
735,264,0
735,265,0
735,266,0
735,267,0
735,268,0
735,269,0
735,270,0
735,271,0
735,272,0
735,273,0
735,274,0
735,275,0
735,276,0
735,277,0
735,278,0
735,279,0
735,280,0
735,281,0
735,282,0
735,283,0
735,284,0
735,285,0
735,286,0
735,287,0
735,288,0
735,289,0
735,290,0
735,291,0
736,240,0
736,247,0
736,248,0
736,249,0
736,250,0
736,251,0
736,252,0
736,253,0
736,254,0
736,255,0
736,256,0
736,257,0
736,258,0
736,259,0
736,260,0
736,261,0
736,262,0
736,263,0
736,264,0
736,265,0
736,266,0
736,267,0
736,268,0
736,269,0
736,270,0
736,271,0
736,272,0
736,273,0
736,274,0
736,275,0
736,276,0
736,277,0
736,278,0
736,279,0
736,280,0
736,281,0
736,282,0
736,283,0
736,284,0
736,285,0
736,286,0
736,287,0
736,288,0
736,289,0
736,290,0
736,291,0
736,294,0
737,243,0
737,244,0
737,245,0
737,246,0
737,247,0
737,248,0
737,249,0
737,250,0
737,251,0
737,252,0
737,253,0
737,254,0
737,255,0
737,256,0
737,257,0
737,258,0
737,259,0
737,260,0
737,261,0
737,262,0
737,263,0
737,264,0
737,265,0
737,266,0
737,267,0
737,268,0
737,269,0
737,270,0
737,271,0
738,243,0
738,244,0
738,245,0
738,246,0
738,247,0
738,248,0
738,249,0
738,250,0
738,251,0
738,252,0
738,253,0
738,254,0
738,255,0
738,256,0
738,257,0
738,258,0
738,259,0
738,260,0
738,261,0
738,262,0
738,263,0
738,264,0
738,265,0
738,266,0
738,267,0
738,268,0
738,269,0
738,270,0
738,271,0
739,253,0
739,254,0
739,255,0
739,256,0
750,257,0
750,258,0
750,259,0
750,260,0
750,261,0
750,262,0
750,263,0
750,264,0
750,265,0
750,266,0
750,267,0
750,268,0
750,269,0
750,270,0
750,271,0
750,272,0
750,273,0
750,274,0
750,275,0
750,279,0
755,296,0
755,297,0
755,298,0
755,299,0
756,296,0
756,297,0
756,298,0
756,299,0
789,227,0
789,228,0
789,229,0
789,230,0
790,227,0
790,228,0
790,229,0
790,230,0
791,227,0
791,228,0
791,229,0
791,230,0
792,225,0
792,227,0
792,228,0
792,229,0
792,230,0
1088,1029,0
1088,1030,0
1088,1031,0
1088,1032,0
1088,1033,0
1088,1034,0
1088,1035,0
1088,1036,0
1088,1037,0
1088,1038,0
1088,1039,0
1088,1040,0
1089,1025,0
1089,1026,0
1089,1027,0
1089,1028,0
1089,1029,0
1089,1030,0
1089,1031,0
1089,1032,0
1089,1033,0
1089,1034,0
1089,1035,0
1089,1036,0
1089,1037,0
1089,1038,0
1089,1039,0
1089,1040,0
1089,1041,0
1089,1042,0
1089,1043,0
1089,1044,0
1090,1025,0
1090,1026,0
1090,1027,0
1090,1028,0
1090,1029,0
1090,1030,0
1090,1031,0
1090,1032,0
1090,1033,0
1090,1034,0
1090,1035,0
1090,1036,0
1090,1037,0
1090,1038,0
1090,1039,0
1090,1040,0
1090,1041,0
1090,1042,0
1090,1043,0
1090,1044,0
1091,1021,0
1091,1022,0
1091,1023,0
1091,1024,0
1091,1025,0
1091,1026,0
1091,1027,0
1091,1028,0
1091,1029,0
1091,1030,0
1091,1031,0
1091,1032,0
1091,1033,0
1091,1034,0
1091,1035,0
1091,1036,0
1091,1037,0
1091,1038,0
1091,1039,0
1091,1040,0
1091,1041,0
1091,1042,0
1091,1043,0
1091,1044,0
1092,1021,0
1092,1022,0
1092,1023,0
1092,1024,0
1092,1025,0
1092,1026,0
1092,1027,0
1092,1028,0
1092,1029,0
1092,1030,0
1092,1031,0
1092,1032,0
1092,1033,0
1092,1034,0
1092,1035,0
1092,1036,0
1092,1037,0
1092,1038,0
1092,1039,0
1092,1040,0
1092,1041,0
1092,1042,0
1092,1043,0
1092,1044,0
1093,1021,0
1093,1022,0
1093,1023,0
1093,1024,0
1093,1025,0
1093,1026,0
1093,1027,0
1093,1028,0
1093,1029,0
1093,1030,0
1093,1031,0
1093,1032,0
1093,1033,0
1093,1034,0
1093,1035,0
1093,1036,0
1093,1037,0
1093,1038,0
1093,1039,0
1093,1040,0
1093,1041,0
1093,1042,0
1093,1043,0
1093,1044,0
1094,1021,0
1094,1022,0
1094,1023,0
1094,1024,0
1094,1025,0
1094,1026,0
1094,1027,0
1094,1028,0
1094,1029,0
1094,1030,0
1094,1031,0
1094,1032,0
1094,1033,0
1094,1034,0
1094,1035,0
1094,1036,0
1094,1037,0
1094,1038,0
1094,1039,0
1094,1040,0
1094,1041,0
1094,1042,0
1094,1043,0
1094,1044,0
1095,1021,0
1095,1022,0
1095,1023,0
1095,1024,0
1095,1025,0
1095,1026,0
1095,1027,0
1095,1028,0
1095,1029,0
1095,1030,0
1095,1031,0
1095,1032,0
1095,1033,0
1095,1034,0
1095,1035,0
1095,1036,0
1095,1037,0
1095,1038,0
1095,1039,0
1095,1040,0
1095,1041,0
1095,1042,0
1095,1043,0
1095,1044,0
1096,1021,0
1096,1022,0
1096,1023,0
1096,1024,0
1096,1025,0
1096,1026,0
1096,1027,0
1096,1028,0
1096,1029,0
1096,1030,0
1096,1031,0
1096,1032,0
1096,1033,0
1096,1034,0
1096,1035,0
1096,1036,0
1096,1037,0
1096,1038,0
1096,1039,0
1096,1040,0
1096,1041,0
1096,1042,0
1096,1043,0
1096,1044,0
1097,1021,0
1097,1022,0
1097,1023,0
1097,1024,0
1097,1025,0
1097,1026,0
1097,1027,0
1097,1028,0
1097,1029,0
1097,1030,0
1097,1031,0
1097,1032,0
1097,1033,0
1097,1034,0
1097,1035,0
1097,1036,0
1097,1037,0
1097,1038,0
1097,1039,0
1097,1040,0
1097,1041,0
1097,1042,0
1097,1043,0
1097,1044,0
1098,1025,0
1098,1026,0
1098,1027,0
1098,1028,0
1098,1029,0
1098,1030,0
1098,1031,0
1098,1032,0
1098,1033,0
1098,1034,0
1098,1035,0
1098,1036,0
1098,1037,0
1098,1038,0
1098,1039,0
1098,1040,0
1098,1041,0
1098,1042,0
1098,1043,0
1098,1044,0
1098,1045,0
1098,1046,0
1098,1047,0
1098,1048,0
1099,1025,0
1099,1026,0
1099,1027,0
1099,1028,0
1099,1029,0
1099,1030,0
1099,1031,0
1099,1032,0
1099,1033,0
1099,1034,0
1099,1035,0
1099,1036,0
1099,1037,0
1099,1038,0
1099,1039,0
1099,1040,0
1099,1041,0
1099,1042,0
1099,1043,0
1099,1044,0
1099,1045,0
1099,1046,0
1099,1047,0
1099,1048,0
1100,1029,0
1100,1030,0
1100,1031,0
1100,1032,0
1100,1033,0
1100,1034,0
1100,1035,0
1100,1036,0
1100,1037,0
1100,1038,0
1100,1039,0
1100,1040,0
1100,1041,0
1100,1042,0
1100,1043,0
1100,1044,0
1101,1029,0
1101,1030,0
1101,1031,0
1101,1032,0
1101,1033,0
1101,1034,0
1101,1035,0
1101,1036,0
1101,1037,0
1101,1038,0
1101,1039,0
1101,1040,0
1101,1041,0
1101,1042,0
1101,1043,0
1101,1044,0
1102,1029,0
1102,1031,0
1102,1033,0
1102,1034,0
1102,1037,0
1102,1038,0
1102,1039,0
1102,1040,0
1102,1041,0
1102,1043,0
1102,1044,0
1103,1031,0
1103,1033,0
1103,1034,0
1103,1035,0
1103,1036,0
1103,1037,0
1103,1040,0
1103,1041,0
1103,1042,0
1103,1043,0
657,488,0
657,489,0
657,490,0
657,491,0
657,492,0
657,493,0
657,494,0
657,495,0
657,496,0
657,497,0
657,498,0
657,499,0
657,500,0
657,501,0
657,502,0
657,503,0
657,504,0
657,505,0
657,506,0
657,507,0
657,508,0
657,509,0
657,510,0
657,511,0
658,488,0
658,489,0
658,490,0
658,491,0
658,492,0
658,493,0
658,494,0
658,495,0
658,496,0
658,497,0
658,498,0
658,499,0
658,500,0
658,501,0
658,502,0
658,503,0
658,504,0
658,505,0
658,506,0
658,507,0
658,508,0
658,509,0
658,510,0
658,511,0
659,484,0
659,485,0
659,486,0
659,487,0
659,488,0
659,489,0
659,490,0
659,491,0
659,492,0
659,493,0
659,494,0
659,495,0
659,496,0
659,497,0
659,498,0
659,499,0
659,500,0
659,501,0
659,502,0
659,503,0
659,504,0
659,505,0
659,506,0
659,507,0
659,508,0
659,509,0
659,510,0
659,511,0
660,484,0
660,485,0
660,488,0
660,489,0
660,490,0
660,491,0
660,492,0
660,493,0
660,494,0
660,495,0
660,496,0
660,497,0
660,498,0
660,499,0
660,500,0
660,501,0
660,502,0
660,503,0
660,504,0
660,505,0
660,506,0
660,507,0
660,508,0
660,509,0
660,510,0
660,511,0
661,488,0
661,492,0
661,493,0
661,494,0
661,495,0
661,496,0
661,497,0
661,498,0
661,499,0
661,500,0
661,501,0
661,502,0
661,503,0
661,504,0
661,505,0
661,506,0
661,507,0
662,492,0
662,494,0
662,495,0
662,496,0
662,497,0
662,498,0
662,499,0
662,500,0
662,501,0
662,502,0
662,503,0
662,504,0
662,505,0
662,506,0
662,507,0
679,435,0
679,436,0
680,433,0
680,435,0
680,436,0
680,437,0
680,438,0
681,448,0
682,450,0
683,417,0
683,418,0
683,419,0
683,420,0
683,421,0
683,422,0
683,423,0
683,424,0
683,425,0
683,426,0
683,427,0
683,428,0
683,429,0
683,430,0
683,431,0
683,432,0
683,433,0
683,434,0
683,437,0
684,410,0
684,411,0
684,412,0
684,413,0
684,414,0
684,415,0
684,416,0
684,417,0
684,418,0
684,419,0
684,420,0
684,421,0
684,422,0
684,423,0
684,424,0
684,425,0
684,426,0
684,427,0
685,410,0
685,411,0
685,412,0
685,413,0
685,414,0
685,415,0
685,416,0
685,417,0
685,418,0
685,419,0
685,420,0
685,421,0
685,422,0
685,423,0
685,424,0
685,425,0
685,426,0
686,402,0
686,403,0
686,404,0
686,405,0
686,406,0
686,407,0
686,408,0
686,409,0
686,410,0
686,411,0
686,412,0
686,413,0
686,414,0
686,415,0
686,416,0
686,417,0
686,418,0
686,419,0
686,420,0
686,421,0
686,422,0
686,423,0
686,424,0
686,425,0
686,426,0
686,427,0
686,428,0
686,429,0
686,430,0
686,431,0
686,432,0
686,433,0
686,434,0
686,435,0
686,436,0
686,437,0
686,438,0
686,439,0
686,440,0
686,441,0
686,442,0
686,443,0
686,444,0
686,445,0
686,446,0
687,402,0
687,403,0
687,404,0
687,405,0
687,406,0
687,407,0
687,408,0
687,409,0
687,410,0
687,411,0
687,412,0
687,413,0
687,414,0
687,415,0
687,416,0
687,417,0
687,418,0
687,419,0
687,420,0
687,421,0
687,422,0
687,423,0
687,424,0
687,425,0
687,426,0
687,427,0
687,428,0
687,429,0
687,430,0
687,431,0
687,432,0
687,433,0
687,434,0
687,435,0
687,436,0
687,437,0
687,438,0
687,439,0
687,440,0
687,441,0
687,442,0
687,443,0
687,444,0
687,445,0
687,446,0
688,394,0
688,395,0
688,396,0
688,397,0
688,398,0
688,399,0
688,400,0
688,401,0
688,402,0
688,403,0
688,404,0
688,405,0
688,406,0
688,407,0
688,408,0
688,409,0
688,410,0
688,411,0
688,412,0
688,413,0
688,414,0
688,415,0
688,416,0
688,417,0
689,394,0
689,395,0
689,396,0
689,397,0
689,398,0
689,399,0
689,400,0
689,401,0
689,402,0
689,403,0
689,404,0
689,405,0
689,406,0
689,407,0
689,408,0
689,409,0
689,410,0
689,411,0
689,412,0
689,413,0
689,414,0
689,415,0
689,416,0
689,417,0
690,390,0
690,391,0
690,392,0
690,393,0
690,394,0
690,395,0
690,396,0
690,397,0
690,398,0
690,399,0
690,400,0
690,401,0
690,402,0
690,403,0
690,404,0
690,405,0
690,406,0
690,407,0
690,408,0
690,409,0
690,410,0
690,411,0
690,412,0
690,413,0
690,414,0
690,415,0
690,416,0
690,417,0
691,390,0
691,391,0
691,392,0
691,393,0
691,394,0
691,395,0
691,396,0
691,397,0
691,398,0
691,399,0
691,400,0
691,401,0
691,402,0
691,403,0
691,404,0
691,405,0
691,406,0
691,407,0
691,408,0
691,409,0
691,410,0
691,411,0
691,412,0
691,413,0
691,414,0
691,415,0
691,416,0
692,382,0
692,383,0
692,384,0
692,385,0
692,386,0
692,387,0
692,388,0
692,389,0
692,390,0
692,391,0
692,392,0
692,393,0
692,394,0
692,395,0
692,396,0
692,397,0
692,398,0
692,399,0
692,400,0
692,401,0
692,402,0
692,403,0
692,404,0
692,405,0
692,406,0
692,407,0
692,408,0
692,409,0
692,412,0
692,417,0
692,431,0
692,432,0
692,433,0
693,378,0
693,379,0
693,380,0
693,382,0
693,383,0
693,384,0
693,385,0
693,386,0
693,387,0
693,388,0
693,389,0
693,390,0
693,391,0
693,392,0
693,393,0
693,394,0
693,395,0
693,396,0
693,397,0
694,380,0
694,381,0
694,382,0
694,383,0
694,384,0
694,385,0
694,386,0
694,387,0
694,388,0
694,389,0
694,390,0
694,391,0
694,392,0
694,393,0
694,394,0
694,395,0
694,396,0
694,397,0
694,398,0
694,399,0
695,374,0
695,375,0
695,376,0
695,377,0
695,378,0
695,379,0
695,380,0
695,381,0
695,382,0
695,383,0
695,384,0
695,385,0
695,386,0
695,387,0
695,388,0
695,389,0
696,374,0
696,375,0
696,376,0
696,377,0
696,378,0
696,379,0
696,380,0
696,381,0
696,382,0
696,383,0
696,384,0
696,385,0
696,386,0
696,387,0
696,388,0
696,389,0
697,370,0
697,371,0
697,372,0
697,373,0
697,374,0
697,375,0
697,376,0
697,377,0
697,378,0
697,379,0
697,380,0
697,381,0
698,370,0
698,371,0
698,372,0
698,373,0
698,374,0
698,375,0
698,376,0
698,377,0
698,378,0
698,379,0
698,380,0
698,381,0
699,365,0
699,366,0
699,367,0
699,368,0
699,369,0
699,370,0
699,371,0
699,372,0
699,373,0
699,374,0
699,375,0
699,376,0
699,377,0
700,365,0
700,366,0
700,367,0
700,368,0
700,369,0
700,370,0
700,371,0
700,372,0
700,373,0
700,374,0
700,375,0
700,376,0
700,377,0
701,362,0
701,365,0
701,366,0
701,367,0
701,368,0
701,369,0
701,370,0
701,371,0
701,372,0
701,373,0
702,364,0
702,365,0
702,366,0
702,367,0
702,368,0
702,369,0
702,370,0
702,371,0
702,372,0
702,373,0
703,361,0
703,362,0
703,363,0
703,364,0
703,365,0
703,366,0
703,367,0
703,368,0
703,369,0
704,357,0
704,358,0
704,359,0
704,362,0
705,358,0
705,359,0
705,360,0
705,361,0
705,363,0
705,364,0
706,353,0
706,354,0
706,357,0
706,358,0
712,222,0
712,237,0
712,238,0
713,224,0
713,226,0
713,227,0
713,228,0
713,229,0
713,230,0
713,231,0
713,232,0
713,233,0
713,234,0
713,235,0
713,236,0
713,237,0
713,238,0
713,239,0
713,240,0
713,241,0
713,242,0
713,243,0
713,244,0
713,245,0
713,246,0
713,247,0
713,248,0
713,249,0
713,250,0
713,251,0
713,252,0
713,253,0
713,254,0
713,255,0
713,256,0
713,257,0
713,258,0
713,259,0
713,260,0
713,261,0
713,262,0
713,263,0
713,264,0
713,265,0
713,266,0
713,267,0
713,268,0
713,269,0
713,270,0
713,271,0
713,272,0
713,273,0
713,274,0
713,275,0
713,276,0
713,277,0
713,278,0
713,279,0
714,225,0
714,226,0
714,227,0
714,228,0
714,229,0
714,230,0
714,231,0
714,232,0
714,233,0
714,234,0
714,235,0
714,236,0
714,237,0
714,238,0
714,239,0
714,240,0
714,241,0
714,242,0
714,243,0
714,244,0
714,245,0
714,246,0
714,247,0
714,248,0
714,249,0
714,250,0
714,251,0
714,252,0
714,253,0
714,254,0
714,255,0
714,256,0
714,257,0
714,258,0
714,259,0
714,260,0
714,261,0
714,262,0
714,263,0
714,264,0
714,265,0
714,266,0
714,267,0
714,268,0
714,269,0
714,270,0
714,271,0
714,272,0
714,273,0
714,274,0
714,275,0
714,276,0
714,277,0
714,278,0
714,279,0
715,256,0
715,257,0
715,258,0
715,259,0
715,260,0
715,261,0
715,262,0
715,263,0
715,264,0
715,265,0
715,266,0
715,267,0
715,268,0
715,269,0
715,270,0
715,271,0
715,272,0
715,273,0
715,274,0
715,275,0
715,276,0
715,277,0
715,278,0
715,279,0
715,280,0
715,281,0
715,282,0
715,283,0
715,284,0
715,285,0
715,286,0
715,287,0
716,256,0
716,257,0
716,258,0
716,259,0
716,260,0
716,261,0
716,262,0
716,263,0
716,264,0
716,265,0
716,266,0
716,267,0
716,268,0
716,269,0
716,270,0
716,271,0
716,272,0
716,273,0
716,274,0
716,275,0
716,276,0
716,277,0
716,278,0
716,279,0
716,280,0
716,281,0
716,282,0
716,283,0
716,284,0
716,285,0
716,286,0
716,287,0
717,280,0
717,281,0
717,282,0
717,283,0
717,284,0
717,285,0
717,286,0
717,287,0
717,288,0
717,289,0
717,290,0
717,291,0
717,292,0
717,293,0
717,294,0
717,295,0
718,279,0
718,280,0
718,281,0
718,282,0
718,283,0
718,284,0
718,285,0
718,286,0
718,287,0
718,288,0
718,289,0
718,290,0
718,291,0
718,292,0
718,293,0
718,294,0
718,295,0
719,288,0
719,289,0
719,290,0
719,291,0
719,292,0
719,293,0
719,294,0
720,288,0
720,289,0
720,290,0
720,291,0
720,292,0
720,293,0
720,294,0
735,235,0
735,236,0
735,237,0
735,238,0
735,239,0
735,240,0
735,241,0
735,242,0
735,252,0
735,264,0
735,265,0
735,266,0
735,267,0
735,268,0
735,269,0
735,270,0
735,271,0
735,272,0
735,273,0
735,274,0
735,275,0
735,276,0
735,277,0
735,278,0
735,279,0
735,280,0
735,281,0
735,282,0
736,235,0
736,236,0
736,237,0
736,238,0
736,239,0
736,240,0
736,241,0
736,242,0
736,252,0
736,257,0
736,270,0
736,271,0
736,272,0
736,273,0
736,274,0
736,275,0
736,276,0
736,277,0
736,278,0
736,279,0
736,280,0
736,281,0
736,282,0
736,283,0
737,222,0
737,231,0
737,232,0
737,234,0
737,235,0
737,236,0
737,237,0
737,238,0
737,240,0
737,241,0
737,250,0
738,219,0
738,233,0
738,234,0
738,236,0
738,237,0
738,238,0
738,241,0
739,219,0
739,220,0
739,221,0
739,222,0
739,223,0
739,224,0
739,225,0
739,226,0
739,227,0
739,228,0
739,229,0
739,230,0
739,231,0
739,232,0
739,233,0
739,234,0
740,219,0
740,220,0
740,221,0
740,222,0
740,223,0
740,224,0
740,225,0
740,226,0
740,227,0
740,228,0
740,229,0
740,230,0
741,219,0
741,220,0
741,221,0
741,222,0
741,223,0
741,224,0
741,225,0
741,226,0
741,227,0
741,228,0
741,229,0
741,230,0
654,500,0
654,501,0
654,502,0
654,503,0
654,504,0
654,505,0
654,506,0
654,507,0
654,508,0
654,510,0
654,511,0
655,497,0
655,500,0
655,501,0
655,502,0
655,503,0
655,504,0
655,505,0
655,506,0
655,507,0
655,508,0
655,510,0
656,488,0
656,489,0
656,490,0
656,491,0
656,492,0
656,493,0
656,494,0
656,495,0
656,496,0
656,497,0
656,498,0
656,499,0
656,500,0
656,501,0
656,502,0
656,503,0
656,504,0
656,505,0
656,506,0
656,507,0
656,508,0
656,509,0
656,510,0
656,511,0
656,512,0
656,513,0
656,514,0
657,488,0
657,489,0
657,490,0
657,491,0
657,492,0
657,493,0
657,494,0
657,495,0
657,496,0
657,497,0
657,498,0
657,499,0
657,500,0
657,501,0
657,502,0
657,503,0
657,504,0
657,505,0
657,506,0
657,507,0
657,508,0
657,509,0
657,510,0
657,511,0
658,488,0
658,489,0
658,490,0
658,491,0
658,492,0
658,493,0
658,494,0
658,495,0
658,496,0
658,497,0
658,498,0
658,499,0
658,500,0
658,501,0
658,502,0
658,503,0
658,504,0
658,505,0
658,506,0
658,507,0
658,508,0
658,509,0
658,510,0
658,511,0
659,496,0
659,497,0
659,498,0
659,499,0
659,500,0
659,501,0
659,502,0
659,503,0
659,504,0
659,505,0
659,506,0
659,507,0
659,508,0
659,510,0
659,511,0
660,497,0
660,499,0
660,500,0
660,501,0
660,502,0
660,503,0
660,504,0
660,505,0
660,506,0
660,507,0
675,378,0
675,379,0
675,380,0
675,381,0
676,377,0
676,378,0
676,379,0
676,380,0
676,381,0
677,370,0
677,371,0
677,372,0
677,373,0
677,374,0
677,375,0
677,376,0
677,377,0
677,378,0
677,379,0
677,380,0
677,381,0
678,370,0
678,371,0
678,372,0
678,373,0
678,374,0
678,375,0
678,376,0
678,377,0
678,378,0
678,379,0
678,380,0
678,381,0
678,383,0
679,365,0
679,366,0
679,367,0
679,368,0
679,369,0
679,370,0
679,371,0
679,372,0
679,373,0
679,374,0
679,375,0
679,376,0
679,377,0
680,365,0
680,366,0
680,367,0
680,368,0
680,369,0
680,370,0
680,371,0
680,372,0
680,373,0
680,374,0
680,375,0
680,376,0
680,377,0
680,381,0
681,326,0
681,361,0
681,362,0
681,363,0
681,364,0
681,365,0
681,366,0
681,367,0
681,368,0
681,369,0
681,370,0
681,371,0
681,372,0
681,373,0
681,374,0
681,375,0
681,376,0
681,377,0
681,378,0
681,379,0
681,380,0
681,381,0
682,326,0
682,361,0
682,362,0
682,363,0
682,364,0
682,365,0
682,366,0
682,367,0
682,368,0
682,369,0
682,370,0
682,371,0
682,372,0
682,373,0
682,374,0
682,375,0
682,376,0
682,377,0
682,378,0
682,379,0
682,380,0
682,381,0
683,353,0
683,354,0
683,355,0
683,356,0
683,357,0
683,358,0
683,359,0
683,360,0
683,361,0
683,362,0
683,363,0
683,364,0
683,365,0
683,366,0
683,367,0
683,368,0
683,369,0
683,371,0
683,372,0
683,373,0
684,349,0
684,350,0
684,351,0
684,352,0
684,353,0
684,354,0
684,355,0
684,356,0
684,357,0
684,358,0
684,359,0
684,360,0
684,361,0
684,362,0
684,363,0
684,364,0
684,369,0
685,349,0
685,350,0
685,351,0
685,352,0
685,353,0
685,354,0
685,355,0
685,356,0
685,357,0
685,358,0
685,359,0
685,360,0
685,361,0
685,362,0
685,363,0
685,364,0
685,365,0
685,366,0
685,367,0
685,368,0
686,345,0
686,346,0
686,347,0
686,348,0
686,349,0
686,350,0
686,351,0
686,352,0
686,353,0
686,354,0
686,355,0
686,356,0
686,357,0
686,358,0
686,359,0
686,360,0
686,361,0
686,362,0
687,345,0
687,346,0
687,347,0
687,348,0
687,349,0
687,350,0
687,351,0
687,352,0
687,353,0
687,354,0
687,355,0
687,356,0
687,357,0
687,358,0
687,359,0
687,360,0
688,341,0
688,342,0
688,343,0
688,344,0
688,345,0
688,346,0
688,347,0
688,348,0
688,349,0
688,350,0
688,351,0
688,352,0
688,356,0
689,341,0
689,342,0
689,343,0
689,344,0
689,345,0
689,346,0
689,347,0
689,348,0
689,349,0
689,350,0
689,351,0
689,352,0
689,353,0
689,356,0
690,337,0
690,338,0
690,339,0
690,340,0
690,341,0
690,342,0
690,343,0
690,344,0
690,345,0
690,346,0
690,347,0
690,348,0
691,337,0
691,338,0
691,339,0
691,340,0
691,341,0
691,342,0
691,343,0
691,344,0
691,345,0
691,346,0
691,347,0
691,348,0
692,334,0
692,335,0
692,336,0
692,337,0
692,338,0
692,339,0
692,340,0
692,341,0
692,342,0
692,343,0
692,344,0
693,333,0
693,334,0
693,335,0
693,336,0
694,333,0
694,334,0
694,335,0
694,336,0
695,329,0
695,330,0
695,331,0
695,332,0
695,333,0
696,329,0
696,330,0
696,331,0
696,332,0
696,333,0
697,332,0
698,329,0
698,330,0
698,332,0
712,284,0
712,286,0
712,288,0
713,219,0
713,220,0
713,221,0
713,222,0
713,223,0
713,224,0
713,225,0
713,226,0
713,227,0
713,228,0
713,229,0
713,230,0
713,231,0
713,232,0
713,233,0
713,234,0
713,235,0
713,236,0
713,237,0
713,238,0
713,239,0
713,240,0
713,241,0
713,242,0
713,243,0
713,244,0
713,245,0
713,246,0
713,247,0
713,248,0
713,249,0
713,250,0
713,251,0
714,219,0
714,220,0
714,221,0
714,222,0
714,223,0
714,224,0
714,225,0
714,226,0
714,227,0
714,228,0
714,229,0
714,230,0
714,231,0
714,232,0
714,233,0
714,234,0
714,235,0
714,236,0
714,237,0
714,238,0
714,239,0
714,240,0
714,241,0
714,242,0
714,243,0
714,244,0
714,245,0
714,246,0
714,247,0
714,248,0
714,249,0
714,250,0
714,251,0
715,226,0
715,227,0
715,228,0
715,229,0
715,230,0
715,231,0
715,232,0
715,233,0
715,234,0
715,235,0
715,236,0
715,237,0
715,238,0
715,239,0
715,240,0
715,241,0
715,242,0
715,243,0
715,244,0
715,245,0
715,246,0
715,247,0
715,248,0
715,249,0
715,250,0
715,251,0
715,252,0
715,253,0
715,254,0
715,255,0
715,256,0
715,257,0
715,258,0
715,259,0
715,260,0
715,261,0
715,262,0
715,263,0
716,227,0
716,228,0
716,229,0
716,230,0
716,231,0
716,232,0
716,233,0
716,234,0
716,235,0
716,236,0
716,237,0
716,238,0
716,239,0
716,240,0
716,241,0
716,242,0
716,243,0
716,244,0
716,245,0
716,246,0
716,247,0
716,248,0
716,249,0
716,250,0
716,251,0
716,252,0
716,253,0
716,254,0
716,255,0
716,256,0
716,257,0
716,258,0
716,259,0
716,260,0
716,261,0
716,262,0
716,263,0
717,231,0
717,232,0
717,233,0
717,234,0
717,235,0
717,236,0
717,237,0
717,238,0
717,239,0
717,240,0
717,241,0
717,242,0
717,243,0
717,244,0
717,245,0
717,246,0
717,247,0
717,248,0
717,249,0
717,250,0
717,251,0
717,252,0
717,253,0
717,254,0
717,255,0
717,256,0
717,257,0
717,258,0
717,259,0
717,260,0
717,261,0
717,262,0
717,263,0
717,264,0
717,265,0
717,266,0
717,267,0
717,268,0
717,269,0
717,270,0
717,271,0
717,272,0
718,231,0
718,232,0
718,233,0
718,234,0
718,235,0
718,236,0
718,237,0
718,238,0
718,239,0
718,240,0
718,241,0
718,242,0
718,243,0
718,244,0
718,245,0
718,246,0
718,247,0
718,248,0
718,249,0
718,250,0
718,251,0
718,252,0
718,253,0
718,254,0
718,255,0
718,256,0
718,257,0
718,258,0
718,259,0
718,260,0
718,261,0
718,262,0
718,263,0
718,264,0
718,265,0
718,266,0
718,267,0
718,268,0
718,269,0
718,270,0
718,271,0
719,235,0
719,236,0
719,237,0
719,238,0
719,244,0
719,246,0
719,247,0
719,248,0
719,249,0
719,250,0
719,251,0
719,252,0
719,253,0
719,254,0
719,255,0
719,256,0
719,257,0
719,258,0
719,259,0
719,260,0
719,261,0
719,262,0
719,263,0
719,264,0
719,265,0
719,266,0
719,267,0
719,268,0
719,269,0
719,270,0
719,271,0
720,235,0
720,237,0
720,246,0
720,247,0
720,248,0
720,249,0
720,250,0
720,251,0
720,252,0
720,253,0
720,254,0
720,255,0
720,256,0
720,257,0
720,258,0
720,259,0
720,260,0
720,261,0
720,262,0
720,263,0
720,264,0
720,265,0
720,266,0
720,267,0
720,268,0
720,269,0
720,270,0
720,271,0
721,260,0
721,261,0
721,262,0
721,264,0
721,265,0
721,266,0
721,267,0
722,231,0
722,234,0
723,233,0
723,234,0
724,227,0
724,228,0
724,229,0
724,230,0
725,227,0
725,228,0
725,229,0
725,230,0
737,219,0
737,220,0
737,221,0
737,222,0
737,223,0
737,224,0
737,225,0
737,226,0
737,233,0
737,240,0
737,242,0
737,243,0
737,244,0
737,245,0
737,246,0
737,247,0
737,248,0
737,249,0
737,250,0
737,251,0
737,252,0
737,253,0
737,254,0
737,255,0
737,257,0
737,258,0
737,259,0
737,277,0
737,278,0
737,279,0
738,219,0
738,220,0
738,221,0
738,222,0
738,223,0
738,225,0
738,226,0
738,231,0
738,232,0
738,237,0
738,238,0
738,241,0
738,242,0
738,243,0
738,244,0
738,245,0
738,246,0
738,247,0
738,248,0
738,250,0
738,252,0
738,253,0
738,254,0
738,255,0
738,256,0
738,277,0
738,278,0
738,279,0
739,219,0
739,220,0
739,221,0
739,222,0
739,249,0
739,250,0
760,219,0
760,220,0
760,221,0
760,222,0
760,223,0
760,224,0
760,225,0
761,219,0
761,220,0
761,221,0
761,222,0
761,223,0
761,224,0
761,225,0
761,226,0
766,235,0
766,236,0
766,237,0
766,238,0
767,235,0
767,236,0
767,237,0
767,238,0
767,239,0
767,242,0
768,235,0
768,236,0
768,237,0
768,238,0
768,239,0
768,240,0
768,241,0
768,242,0
768,243,0
768,244,0
768,245,0
769,239,0
769,240,0
769,241,0
769,242,0
769,244,0
770,239,0
770,240,0
770,241,0
770,242,0
770,243,0
771,219,0
771,220,0
771,221,0
771,222,0
771,233,0
772,219,0
772,220,0
772,221,0
772,222,0
772,231,0
772,232,0
773,219,0
773,220,0
773,221,0
773,222,0
773,224,0
774,220,0
774,221,0
774,222,0
774,224,0
774,225,0
774,226,0
637,422,1
637,423,1
637,424,1
637,425,1
637,426,1
638,422,1
638,423,1
638,424,1
638,425,1
638,426,1
639,404,1
639,405,1
639,406,1
639,407,1
639,408,1
639,409,1
639,410,1
639,411,1
639,412,1
639,413,1
639,414,1
639,415,1
639,416,1
639,417,1
639,418,1
639,419,1
639,420,1
639,421,1
639,422,1
639,423,1
639,424,1
639,425,1
639,426,1
639,427,1
639,428,1
639,429,1
639,430,1
640,404,1
640,406,1
640,407,1
640,408,1
640,409,1
640,410,1
640,411,1
640,412,1
640,413,1
640,414,1
640,415,1
640,416,1
640,417,1
640,418,1
640,419,1
640,420,1
640,421,1
640,422,1
640,423,1
640,424,1
640,425,1
640,426,1
640,427,1
640,428,1
640,429,1
640,430,1
641,398,1
641,401,1
641,402,1
641,403,1
641,404,1
641,405,1
641,406,1
641,407,1
641,408,1
641,409,1
641,410,1
641,411,1
641,412,1
641,413,1
641,414,1
641,415,1
641,416,1
641,417,1
641,418,1
641,419,1
641,420,1
641,421,1
641,422,1
641,423,1
641,424,1
641,425,1
641,426,1
641,427,1
641,428,1
641,429,1
641,430,1
642,398,1
642,400,1
642,401,1
642,402,1
642,403,1
642,404,1
642,405,1
642,406,1
642,407,1
642,408,1
642,409,1
642,410,1
642,411,1
642,412,1
642,413,1
642,414,1
642,415,1
642,416,1
642,417,1
642,418,1
642,419,1
642,420,1
642,421,1
642,422,1
642,423,1
642,424,1
642,425,1
642,426,1
642,427,1
642,428,1
642,429,1
642,430,1
643,402,1
643,403,1
643,404,1
643,405,1
643,406,1
643,407,1
643,408,1
643,409,1
643,410,1
643,411,1
643,412,1
643,413,1
643,414,1
643,415,1
643,416,1
643,417,1
643,418,1
643,419,1
643,420,1
643,421,1
643,422,1
643,423,1
643,424,1
643,425,1
643,426,1
643,427,1
643,428,1
643,429,1
643,430,1
644,401,1
644,402,1
644,403,1
644,404,1
644,405,1
644,406,1
644,407,1
644,408,1
644,409,1
644,410,1
644,411,1
644,412,1
644,413,1
644,414,1
644,415,1
644,416,1
644,417,1
644,418,1
644,419,1
644,420,1
644,421,1
644,422,1
644,423,1
644,424,1
644,425,1
644,426,1
644,427,1
644,428,1
644,429,1
644,430,1
645,406,1
645,407,1
645,408,1
645,409,1
645,410,1
645,411,1
645,412,1
645,413,1
645,414,1
645,415,1
645,416,1
645,417,1
645,418,1
645,419,1
645,420,1
645,421,1
654,395,1
656,386,1
656,387,1
656,389,1
656,390,1
656,391,1
656,392,1
656,393,1
656,394,1
656,395,1
656,396,1
656,397,1
656,398,1
656,399,1
656,400,1
656,401,1
656,402,1
656,403,1
656,404,1
657,382,1
657,383,1
657,384,1
657,385,1
657,386,1
657,387,1
657,388,1
657,389,1
657,390,1
657,391,1
657,392,1
657,393,1
657,394,1
657,395,1
657,396,1
657,397,1
657,398,1
657,399,1
657,400,1
657,401,1
657,402,1
657,403,1
657,404,1
657,405,1
657,406,1
657,407,1
657,408,1
657,409,1
658,382,1
658,383,1
658,384,1
658,385,1
658,386,1
658,387,1
658,388,1
658,389,1
658,390,1
658,391,1
658,392,1
658,393,1
658,394,1
658,395,1
658,396,1
658,397,1
658,398,1
658,399,1
658,400,1
658,401,1
658,402,1
658,403,1
658,404,1
658,405,1
658,406,1
658,407,1
658,408,1
658,409,1
659,374,1
659,375,1
659,376,1
659,377,1
659,378,1
659,379,1
659,380,1
659,381,1
659,382,1
659,383,1
659,384,1
659,385,1
659,386,1
659,387,1
659,388,1
659,389,1
659,390,1
659,391,1
659,392,1
659,393,1
659,394,1
659,395,1
659,396,1
659,397,1
659,398,1
659,399,1
659,400,1
659,401,1
659,402,1
659,403,1
659,404,1
659,405,1
659,406,1
659,407,1
659,408,1
660,374,1
660,375,1
660,376,1
660,377,1
660,378,1
660,379,1
660,380,1
660,381,1
660,382,1
660,383,1
660,384,1
660,385,1
660,386,1
660,387,1
660,388,1
660,389,1
660,390,1
660,391,1
660,392,1
660,393,1
660,394,1
660,395,1
660,396,1
660,397,1
660,398,1
660,399,1
660,400,1
660,401,1
660,402,1
660,403,1
660,404,1
660,405,1
661,365,1
661,366,1
661,367,1
661,368,1
661,369,1
661,370,1
661,371,1
661,372,1
661,373,1
661,374,1
661,375,1
661,376,1
661,377,1
661,378,1
661,379,1
661,380,1
661,381,1
661,382,1
661,383,1
661,384,1
661,385,1
661,386,1
661,387,1
661,388,1
661,389,1
661,390,1
661,391,1
661,392,1
661,393,1
661,394,1
661,395,1
661,396,1
661,397,1
661,398,1
661,399,1
661,400,1
661,401,1
661,402,1
661,403,1
661,404,1
661,405,1
662,365,1
662,366,1
662,367,1
662,368,1
662,369,1
662,370,1
662,371,1
662,372,1
662,373,1
662,374,1
662,375,1
662,376,1
662,377,1
662,378,1
662,379,1
662,380,1
662,381,1
662,382,1
662,383,1
662,384,1
662,385,1
662,386,1
662,387,1
662,388,1
662,389,1
662,390,1
662,391,1
662,392,1
662,393,1
662,394,1
662,395,1
662,396,1
662,397,1
662,398,1
662,399,1
662,400,1
662,401,1
662,402,1
662,403,1
662,404,1
662,405,1
663,361,1
663,362,1
663,363,1
663,364,1
663,365,1
663,366,1
663,367,1
663,368,1
663,369,1
663,370,1
663,371,1
663,372,1
663,373,1
663,374,1
663,375,1
663,376,1
663,377,1
663,378,1
663,379,1
663,380,1
663,381,1
663,382,1
663,383,1
663,384,1
663,385,1
663,386,1
663,387,1
663,388,1
663,389,1
663,390,1
663,391,1
663,392,1
663,393,1
663,394,1
663,395,1
663,396,1
663,397,1
663,398,1
663,399,1
663,400,1
663,401,1
664,361,1
664,362,1
664,363,1
664,364,1
664,365,1
664,366,1
664,367,1
664,368,1
664,369,1
664,370,1
664,371,1
664,372,1
664,373,1
664,374,1
664,375,1
664,376,1
664,377,1
664,378,1
664,379,1
664,380,1
664,381,1
664,382,1
664,383,1
664,384,1
664,385,1
664,386,1
664,387,1
664,388,1
664,389,1
664,390,1
664,391,1
664,392,1
664,393,1
664,394,1
664,395,1
664,396,1
664,397,1
664,398,1
664,399,1
664,400,1
664,401,1
665,357,1
665,359,1
665,360,1
665,361,1
665,362,1
665,363,1
665,364,1
665,365,1
665,366,1
665,367,1
665,368,1
665,369,1
665,370,1
665,371,1
665,372,1
665,373,1
665,374,1
665,375,1
665,376,1
665,377,1
665,378,1
665,379,1
665,380,1
665,381,1
665,382,1
665,383,1
665,384,1
665,385,1
665,386,1
665,387,1
665,388,1
665,389,1
665,390,1
665,391,1
665,392,1
665,393,1
665,394,1
665,395,1
665,396,1
666,357,1
666,358,1
666,359,1
666,360,1
666,361,1
666,362,1
666,363,1
666,364,1
666,365,1
666,366,1
666,367,1
666,368,1
666,369,1
666,370,1
666,371,1
666,372,1
666,373,1
666,374,1
666,375,1
666,376,1
666,377,1
666,378,1
666,379,1
666,380,1
666,381,1
666,382,1
666,383,1
666,384,1
666,385,1
666,386,1
666,387,1
666,388,1
666,389,1
666,390,1
666,391,1
666,392,1
666,393,1
667,357,1
667,358,1
667,359,1
667,360,1
667,361,1
667,362,1
667,363,1
667,364,1
667,365,1
667,366,1
667,367,1
667,368,1
667,369,1
667,370,1
667,371,1
667,372,1
667,373,1
667,374,1
667,375,1
667,376,1
667,377,1
667,378,1
667,379,1
667,380,1
667,381,1
667,382,1
667,383,1
667,384,1
667,385,1
667,386,1
667,387,1
667,388,1
667,389,1
667,390,1
667,391,1
667,392,1
667,393,1
668,353,1
668,354,1
668,355,1
668,356,1
668,357,1
668,358,1
668,359,1
668,360,1
668,361,1
668,362,1
668,363,1
668,364,1
668,365,1
668,366,1
668,367,1
668,368,1
668,369,1
668,370,1
668,371,1
668,372,1
668,373,1
668,374,1
668,375,1
668,376,1
668,377,1
668,378,1
669,353,1
669,354,1
669,355,1
669,356,1
669,357,1
669,358,1
669,359,1
669,360,1
669,361,1
669,362,1
669,363,1
669,364,1
669,365,1
669,366,1
669,367,1
669,368,1
669,369,1
669,370,1
669,371,1
669,372,1
669,373,1
669,374,1
669,375,1
669,376,1
669,377,1
670,322,1
670,349,1
670,350,1
670,351,1
670,352,1
670,353,1
670,354,1
670,355,1
670,356,1
670,357,1
670,358,1
670,359,1
670,360,1
670,361,1
670,362,1
670,363,1
670,364,1
671,349,1
671,350,1
671,351,1
671,352,1
671,353,1
671,354,1
671,355,1
671,356,1
671,357,1
671,358,1
671,359,1
671,360,1
671,361,1
671,362,1
671,363,1
671,364,1
672,345,1
672,346,1
672,347,1
672,349,1
672,350,1
672,351,1
672,352,1
672,353,1
672,354,1
672,355,1
672,356,1
672,357,1
672,358,1
672,359,1
672,360,1
672,395,1
673,349,1
673,350,1
673,351,1
673,352,1
673,353,1
673,354,1
673,355,1
673,356,1
673,357,1
673,358,1
673,359,1
673,360,1
673,394,1
673,395,1
674,341,1
674,343,1
674,344,1
674,345,1
674,346,1
674,347,1
674,348,1
674,349,1
674,350,1
674,351,1
674,352,1
674,353,1
674,354,1
674,355,1
674,356,1
675,337,1
675,338,1
675,339,1
675,340,1
675,341,1
675,342,1
675,343,1
675,344,1
675,345,1
675,346,1
675,347,1
675,348,1
675,349,1
675,350,1
675,351,1
675,352,1
676,337,1
676,338,1
676,339,1
676,340,1
676,341,1
676,342,1
676,343,1
676,344,1
676,345,1
676,346,1
676,347,1
676,348,1
676,349,1
676,350,1
676,351,1
676,352,1
677,337,1
677,338,1
677,339,1
677,340,1
677,341,1
677,342,1
677,343,1
677,344,1
677,345,1
677,346,1
677,347,1
677,348,1
678,335,1
678,337,1
678,338,1
678,339,1
678,340,1
678,341,1
678,342,1
678,343,1
678,344,1
678,345,1
678,346,1
678,347,1
678,348,1
679,333,1
679,334,1
679,335,1
679,336,1
679,337,1
679,338,1
679,339,1
679,340,1
679,341,1
679,342,1
679,343,1
679,344,1
680,333,1
680,334,1
680,335,1
680,336,1
680,337,1
680,338,1
680,339,1
680,340,1
680,341,1
680,342,1
680,343,1
680,344,1
681,329,1
681,330,1
681,331,1
681,332,1
681,333,1
681,334,1
681,335,1
681,336,1
682,329,1
682,330,1
682,331,1
682,332,1
682,333,1
682,334,1
683,329,1
683,330,1
683,331,1
683,332,1
683,333,1
683,334,1
683,335,1
683,336,1
684,325,1
684,326,1
684,327,1
684,328,1
685,325,1
685,326,1
685,327,1
686,327,1
686,328,1
688,321,1
688,322,1
688,323,1
689,322,1
704,276,1
705,278,1
706,272,1
706,273,1
707,273,1
707,274,1
707,275,1
708,234,1
708,235,1
708,236,1
708,237,1
708,238,1
708,239,1
708,240,1
708,241,1
708,242,1
708,243,1
708,244,1
708,245,1
708,246,1
708,247,1
708,248,1
708,249,1
708,250,1
708,251,1
709,234,1
709,235,1
709,236,1
709,237,1
709,238,1
709,239,1
709,240,1
709,241,1
709,242,1
709,243,1
709,244,1
709,245,1
709,246,1
709,247,1
709,248,1
709,249,1
709,250,1
709,251,1
710,219,1
710,220,1
710,221,1
710,222,1
710,223,1
710,224,1
710,225,1
710,226,1
710,227,1
710,228,1
710,229,1
710,230,1
710,231,1
710,232,1
710,233,1
710,234,1
710,235,1
710,236,1
710,237,1
710,238,1
710,239,1
710,240,1
710,241,1
710,242,1
710,243,1
710,244,1
710,245,1
710,246,1
710,247,1
710,248,1
710,249,1
710,250,1
710,251,1
710,252,1
710,253,1
710,254,1
710,255,1
710,256,1
710,257,1
710,258,1
710,259,1
710,260,1
710,261,1
710,262,1
710,263,1
710,264,1
710,265,1
710,266,1
711,220,1
711,221,1
711,222,1
711,223,1
711,224,1
711,225,1
711,226,1
711,227,1
711,228,1
711,229,1
711,230,1
711,231,1
711,232,1
711,233,1
711,234,1
711,235,1
711,236,1
711,237,1
711,238,1
711,239,1
711,240,1
711,241,1
711,242,1
711,243,1
711,244,1
711,245,1
711,246,1
711,247,1
711,248,1
711,249,1
711,250,1
711,251,1
711,252,1
711,253,1
711,254,1
711,255,1
711,256,1
711,257,1
711,258,1
711,259,1
711,260,1
711,261,1
711,262,1
711,263,1
711,264,1
711,265,1
711,266,1
711,267,1
712,222,1
712,223,1
712,224,1
712,225,1
712,226,1
712,227,1
712,228,1
712,229,1
712,230,1
712,231,1
712,232,1
712,233,1
712,234,1
712,235,1
712,236,1
712,237,1
712,238,1
712,239,1
712,240,1
712,241,1
712,242,1
712,243,1
712,244,1
712,245,1
712,246,1
712,247,1
712,248,1
712,249,1
712,250,1
712,251,1
712,252,1
712,253,1
712,254,1
712,255,1
712,256,1
712,257,1
712,258,1
712,259,1
712,260,1
712,261,1
712,262,1
712,263,1
712,264,1
712,267,1
713,223,1
713,224,1
713,225,1
713,226,1
713,227,1
713,228,1
713,229,1
713,230,1
713,231,1
713,232,1
713,233,1
713,234,1
713,235,1
713,236,1
713,237,1
713,238,1
713,244,1
713,246,1
713,248,1
713,250,1
713,251,1
713,252,1
713,253,1
713,254,1
713,255,1
713,256,1
713,257,1
713,262,1
714,223,1
714,224,1
714,225,1
714,226,1
714,227,1
714,228,1
714,229,1
714,230,1
714,231,1
714,232,1
714,233,1
714,234,1
714,235,1
714,236,1
714,237,1
714,238,1
714,244,1
714,246,1
714,248,1
714,251,1
714,253,1
714,255,1
714,256,1
714,257,1
720,222,1
728,268,1
728,269,1
728,270,1
728,271,1
728,272,1
728,273,1
728,274,1
728,275,1
728,276,1
728,277,1
728,278,1
729,270,1
729,271,1
729,273,1
729,274,1
729,275,1
729,278,1
730,261,1
730,264,1
730,265,1
730,266,1
730,267,1
731,240,1
731,241,1
731,242,1
731,243,1
731,244,1
731,245,1
731,246,1
731,247,1
731,248,1
731,249,1
731,250,1
731,251,1
732,235,1
732,236,1
732,237,1
732,238,1
732,239,1
732,240,1
732,241,1
732,242,1
732,243,1
732,244,1
732,245,1
732,246,1
732,249,1
732,250,1
732,251,1
732,257,1
732,258,1
732,259,1
733,220,1
733,231,1
733,232,1
734,222,1
766,232,1
766,233,1
766,234,1
767,231,1
767,232,1
643,522,1
643,523,1
643,524,1
643,525,1
643,526,1
643,527,1
643,528,1
643,529,1
643,530,1
643,531,1
643,532,1
643,533,1
643,534,1
643,535,1
644,529,1
644,530,1
644,531,1
644,532,1
644,533,1
644,534,1
644,535,1
645,516,1
645,517,1
645,518,1
645,519,1
645,520,1
645,521,1
645,522,1
645,523,1
645,524,1
645,525,1
645,526,1
645,527,1
645,528,1
645,529,1
645,530,1
645,531,1
645,532,1
645,533,1
645,534,1
645,535,1
645,536,1
645,537,1
645,538,1
645,539,1
646,512,1
646,513,1
646,514,1
646,515,1
646,516,1
646,517,1
646,518,1
646,519,1
646,520,1
646,521,1
646,522,1
646,523,1
646,524,1
646,525,1
646,526,1
646,527,1
646,528,1
646,529,1
646,530,1
646,531,1
646,532,1
646,533,1
646,534,1
646,535,1
646,536,1
646,537,1
646,538,1
646,539,1
647,512,1
647,513,1
647,514,1
647,515,1
647,516,1
647,517,1
647,518,1
647,519,1
647,520,1
647,521,1
647,522,1
647,523,1
647,524,1
647,525,1
647,526,1
647,527,1
647,528,1
647,529,1
647,530,1
647,531,1
647,532,1
647,533,1
647,534,1
647,535,1
647,536,1
647,537,1
647,538,1
647,539,1
648,517,1
648,520,1
648,521,1
648,522,1
648,523,1
648,524,1
648,525,1
648,526,1
648,527,1
648,528,1
648,529,1
649,520,1
649,521,1
649,522,1
649,523,1
649,524,1
649,525,1
649,526,1
649,527,1
649,528,1
649,529,1
649,530,1
663,409,1
663,410,1
663,411,1
663,412,1
663,413,1
663,414,1
664,406,1
664,407,1
664,408,1
664,409,1
664,410,1
664,411,1
664,412,1
664,413,1
665,402,1
665,403,1
665,404,1
665,405,1
665,406,1
665,407,1
665,408,1
665,409,1
666,398,1
666,399,1
666,401,1
666,402,1
666,403,1
666,404,1
666,405,1
666,414,1
666,415,1
666,416,1
666,417,1
666,418,1
666,419,1
666,420,1
666,421,1
666,422,1
666,423,1
666,424,1
666,425,1
666,426,1
667,398,1
667,401,1
667,402,1
667,403,1
667,404,1
667,405,1
667,414,1
667,415,1
667,416,1
667,417,1
667,418,1
667,419,1
667,420,1
667,421,1
667,422,1
667,423,1
667,424,1
667,425,1
667,426,1
668,394,1
668,395,1
668,396,1
668,397,1
668,398,1
668,399,1
668,400,1
668,401,1
668,402,1
668,403,1
668,404,1
668,405,1
668,406,1
668,407,1
668,408,1
668,409,1
668,410,1
668,411,1
668,412,1
668,413,1
668,414,1
668,415,1
669,394,1
669,395,1
669,396,1
669,397,1
669,398,1
669,399,1
669,400,1
669,401,1
669,402,1
669,403,1
669,404,1
669,405,1
669,406,1
669,407,1
669,408,1
669,409,1
669,410,1
669,411,1
669,412,1
669,413,1
669,414,1
670,386,1
670,387,1
670,390,1
670,391,1
670,392,1
670,393,1
670,394,1
670,395,1
670,396,1
670,397,1
670,398,1
670,399,1
670,400,1
670,401,1
670,402,1
670,403,1
670,404,1
670,405,1
671,388,1
671,389,1
671,390,1
671,391,1
671,392,1
671,393,1
671,394,1
671,395,1
671,396,1
671,397,1
671,398,1
671,399,1
671,400,1
671,401,1
671,402,1
671,403,1
671,404,1
671,405,1
672,383,1
672,385,1
672,386,1
672,387,1
672,388,1
672,389,1
672,390,1
672,391,1
672,392,1
672,393,1
672,394,1
672,395,1
672,396,1
672,397,1
672,399,1
672,415,1
672,417,1
672,418,1
672,419,1
672,420,1
672,421,1
672,422,1
672,423,1
672,424,1
673,382,1
673,383,1
673,384,1
673,385,1
673,386,1
673,387,1
673,388,1
673,389,1
673,390,1
673,391,1
673,392,1
673,393,1
673,394,1
673,395,1
673,396,1
673,397,1
673,415,1
673,416,1
673,417,1
673,418,1
673,419,1
673,420,1
673,421,1
673,423,1
673,424,1
673,425,1
674,382,1
674,383,1
674,384,1
674,385,1
674,386,1
674,387,1
674,388,1
674,389,1
674,390,1
674,391,1
674,392,1
674,393,1
674,394,1
674,395,1
674,396,1
674,397,1
674,398,1
674,399,1
674,400,1
674,401,1
674,402,1
674,403,1
674,404,1
674,405,1
674,406,1
674,407,1
674,408,1
674,409,1
674,410,1
674,411,1
674,412,1
674,413,1
675,378,1
675,379,1
675,380,1
675,381,1
675,382,1
675,383,1
675,384,1
675,385,1
675,386,1
675,387,1
675,388,1
675,389,1
675,390,1
675,391,1
675,392,1
675,393,1
676,378,1
676,379,1
676,380,1
676,381,1
676,382,1
676,383,1
676,384,1
676,385,1
676,386,1
676,387,1
676,388,1
676,389,1
676,390,1
676,391,1
676,392,1
676,393,1
677,370,1
677,372,1
677,373,1
677,374,1
677,375,1
677,376,1
677,377,1
677,378,1
677,379,1
677,380,1
677,381,1
677,382,1
677,383,1
677,384,1
677,385,1
677,386,1
677,387,1
677,388,1
677,389,1
677,390,1
677,391,1
677,392,1
677,393,1
677,398,1
677,399,1
677,400,1
677,401,1
677,402,1
677,403,1
677,404,1
677,405,1
677,406,1
677,407,1
677,408,1
677,409,1
677,410,1
677,411,1
677,412,1
677,413,1
677,414,1
677,415,1
677,416,1
677,417,1
678,370,1
678,371,1
678,372,1
678,373,1
678,374,1
678,375,1
678,376,1
678,377,1
678,378,1
678,379,1
678,380,1
678,381,1
678,382,1
678,383,1
678,384,1
678,385,1
678,386,1
678,387,1
678,388,1
678,389,1
678,390,1
678,391,1
678,392,1
678,393,1
678,398,1
678,399,1
678,400,1
678,401,1
678,402,1
678,403,1
678,404,1
678,405,1
678,406,1
678,407,1
678,408,1
678,409,1
678,410,1
678,411,1
678,412,1
678,413,1
678,414,1
678,415,1
678,416,1
678,417,1
678,418,1
679,365,1
679,366,1
679,367,1
679,368,1
679,369,1
679,370,1
679,371,1
679,372,1
679,373,1
679,374,1
679,375,1
679,376,1
679,377,1
679,378,1
679,379,1
679,380,1
679,381,1
679,382,1
679,383,1
679,384,1
679,385,1
679,386,1
679,387,1
679,388,1
679,389,1
679,390,1
679,391,1
679,392,1
679,393,1
680,365,1
680,366,1
680,367,1
680,368,1
680,369,1
680,370,1
680,371,1
680,372,1
680,373,1
680,374,1
680,375,1
680,376,1
680,377,1
680,378,1
680,379,1
680,380,1
680,381,1
680,382,1
680,383,1
680,384,1
680,385,1
680,386,1
680,387,1
680,388,1
680,389,1
680,390,1
680,391,1
680,392,1
680,393,1
681,361,1
681,362,1
681,363,1
681,364,1
681,365,1
681,366,1
681,367,1
681,368,1
681,369,1
681,370,1
681,371,1
681,372,1
681,373,1
681,374,1
681,375,1
681,376,1
681,377,1
682,361,1
682,362,1
682,363,1
682,364,1
682,365,1
682,366,1
682,367,1
682,368,1
682,369,1
682,370,1
682,371,1
682,372,1
682,373,1
682,374,1
682,375,1
682,376,1
682,377,1
683,357,1
683,358,1
683,359,1
683,360,1
683,361,1
683,362,1
683,363,1
683,364,1
683,365,1
683,366,1
683,367,1
683,368,1
683,369,1
683,370,1
683,371,1
683,372,1
683,373,1
684,353,1
684,354,1
684,355,1
684,357,1
684,358,1
684,359,1
684,360,1
684,361,1
684,362,1
684,363,1
684,364,1
684,366,1
684,367,1
685,353,1
685,354,1
685,355,1
685,356,1
685,357,1
685,358,1
685,359,1
685,360,1
685,361,1
685,362,1
685,363,1
685,364,1
685,367,1
685,368,1
686,353,1
686,354,1
686,355,1
686,356,1
686,357,1
686,358,1
686,359,1
686,360,1
686,361,1
686,362,1
686,363,1
686,364,1
687,353,1
687,354,1
687,355,1
687,356,1
687,357,1
687,358,1
687,359,1
687,360,1
687,361,1
687,362,1
687,363,1
687,364,1
688,349,1
688,350,1
688,351,1
688,352,1
688,353,1
688,355,1
689,349,1
689,350,1
689,351,1
689,352,1
689,353,1
689,354,1
689,355,1
689,356,1
690,345,1
690,346,1
690,347,1
690,348,1
690,349,1
690,350,1
690,351,1
690,352,1
691,345,1
691,346,1
691,347,1
691,348,1
691,349,1
691,350,1
691,351,1
691,352,1
692,343,1
692,345,1
692,346,1
692,347,1
692,348,1
693,341,1
693,342,1
693,343,1
693,345,1
693,346,1
693,347,1
693,348,1
694,341,1
694,342,1
694,343,1
694,344,1
694,345,1
694,346,1
694,347,1
694,348,1
695,341,1
695,342,1
695,343,1
695,344,1
696,341,1
696,342,1
696,343,1
696,344,1
697,340,1
698,340,1
712,220,1
712,221,1
712,222,1
712,223,1
712,224,1
712,225,1
712,226,1
712,227,1
712,228,1
712,229,1
712,230,1
712,231,1
712,232,1
712,233,1
712,234,1
712,235,1
712,236,1
712,243,1
712,244,1
712,245,1
712,246,1
712,247,1
712,248,1
712,249,1
712,250,1
712,251,1
712,252,1
712,253,1
712,254,1
712,255,1
712,256,1
712,257,1
712,258,1
712,259,1
712,260,1
712,261,1
712,262,1
712,263,1
712,264,1
713,220,1
713,221,1
713,222,1
713,223,1
713,224,1
713,225,1
713,226,1
713,227,1
713,228,1
713,229,1
713,230,1
713,231,1
713,232,1
713,233,1
713,234,1
713,235,1
713,236,1
713,237,1
713,238,1
713,239,1
713,240,1
713,241,1
713,242,1
713,243,1
713,244,1
713,245,1
713,246,1
713,247,1
713,248,1
713,249,1
713,250,1
713,251,1
713,252,1
713,253,1
713,254,1
713,255,1
713,256,1
713,257,1
713,258,1
713,259,1
713,260,1
713,261,1
713,262,1
713,263,1
713,264,1
713,265,1
713,266,1
713,267,1
713,268,1
713,269,1
713,270,1
713,271,1
713,272,1
713,273,1
713,274,1
713,275,1
714,221,1
714,222,1
714,223,1
714,224,1
714,225,1
714,226,1
714,227,1
714,228,1
714,229,1
714,230,1
714,231,1
714,232,1
714,233,1
714,234,1
714,235,1
714,236,1
714,237,1
714,239,1
714,240,1
714,241,1
714,242,1
714,243,1
714,244,1
714,245,1
714,246,1
714,247,1
714,248,1
714,249,1
714,250,1
714,251,1
714,252,1
714,253,1
714,254,1
714,255,1
714,256,1
714,257,1
714,258,1
714,259,1
714,260,1
714,261,1
714,262,1
714,263,1
714,264,1
714,265,1
714,266,1
714,267,1
714,268,1
714,269,1
714,270,1
714,271,1
714,272,1
714,273,1
714,274,1
714,275,1
714,279,1
715,265,1
715,266,1
715,267,1
715,268,1
715,269,1
715,270,1
715,271,1
715,272,1
715,273,1
715,274,1
715,275,1
715,276,1
715,277,1
715,278,1
715,279,1
715,280,1
715,281,1
715,282,1
715,283,1
716,265,1
716,267,1
716,268,1
716,269,1
716,270,1
716,271,1
716,272,1
716,273,1
716,274,1
716,275,1
716,276,1
716,277,1
716,278,1
716,279,1
716,280,1
716,281,1
716,282,1
716,283,1
735,227,1
735,228,1
735,229,1
735,230,1
736,227,1
736,228,1
736,229,1
736,230,1
737,223,1
737,226,1
738,223,1
738,224,1
738,225,1
738,226,1
739,219,1
739,220,1
739,221,1
739,222,1
739,223,1
740,219,1
740,220,1
740,221,1
740,222,1
741,219,1
741,220,1
741,221,1
741,222,1
648,549,1
648,550,1
648,551,1
648,552,1
648,553,1
648,554,1
648,555,1
648,556,1
648,557,1
648,558,1
648,559,1
648,560,1
648,561,1
648,562,1
648,563,1
648,564,1
648,565,1
648,566,1
648,567,1
648,568,1
648,569,1
648,570,1
648,571,1
648,572,1
649,549,1
649,550,1
649,551,1
649,552,1
649,553,1
649,554,1
649,555,1
649,556,1
649,557,1
649,558,1
649,559,1
649,560,1
649,561,1
649,562,1
649,563,1
649,564,1
649,565,1
649,566,1
649,567,1
649,568,1
649,569,1
649,570,1
649,571,1
649,572,1
650,549,1
650,550,1
650,551,1
650,552,1
650,553,1
650,554,1
650,555,1
650,556,1
650,557,1
650,558,1
650,559,1
650,560,1
650,561,1
650,562,1
650,563,1
650,564,1
650,565,1
650,566,1
650,567,1
650,568,1
650,569,1
650,570,1
650,571,1
650,572,1
651,549,1
651,550,1
651,551,1
651,552,1
651,553,1
651,554,1
651,555,1
651,556,1
651,557,1
651,558,1
651,559,1
651,560,1
651,561,1
651,562,1
651,563,1
651,564,1
651,565,1
651,566,1
651,567,1
651,568,1
651,569,1
651,570,1
651,571,1
651,572,1
652,553,1
652,554,1
652,555,1
652,556,1
652,557,1
652,558,1
652,559,1
652,560,1
652,561,1
652,562,1
652,563,1
652,564,1
652,565,1
652,567,1
652,568,1
653,557,1
653,558,1
653,559,1
653,560,1
653,561,1
653,562,1
653,563,1
653,564,1
653,565,1
653,568,1
668,395,1
668,396,1
669,395,1
669,396,1
669,397,1
672,406,1
672,407,1
672,408,1
672,409,1
672,410,1
672,411,1
672,412,1
672,413,1
673,407,1
673,408,1
673,409,1
673,410,1
673,411,1
673,412,1
673,413,1
674,397,1
674,400,1
675,378,1
675,379,1
675,380,1
675,381,1
675,382,1
675,383,1
675,384,1
675,385,1
675,386,1
675,387,1
675,388,1
675,389,1
675,390,1
675,391,1
675,392,1
675,393,1
676,378,1
676,379,1
676,380,1
676,381,1
676,382,1
676,383,1
676,384,1
676,385,1
676,386,1
676,387,1
676,388,1
676,389,1
676,390,1
676,391,1
676,392,1
676,393,1
677,374,1
677,375,1
677,376,1
677,377,1
677,378,1
677,379,1
677,380,1
677,381,1
677,382,1
677,383,1
677,384,1
677,385,1
678,374,1
678,375,1
678,376,1
678,377,1
678,378,1
678,379,1
678,380,1
678,381,1
678,382,1
678,383,1
678,384,1
678,385,1
679,370,1
679,371,1
679,372,1
679,373,1
679,374,1
679,375,1
679,376,1
679,377,1
679,378,1
679,379,1
679,380,1
679,381,1
679,382,1
679,383,1
679,384,1
679,385,1
679,386,1
679,387,1
679,388,1
679,389,1
679,393,1
679,394,1
679,397,1
679,398,1
679,399,1
679,400,1
679,402,1
679,403,1
679,404,1
679,405,1
679,406,1
679,407,1
679,408,1
679,409,1
679,410,1
679,413,1
679,414,1
679,415,1
679,416,1
679,417,1
679,420,1
680,370,1
680,371,1
680,372,1
680,373,1
680,374,1
680,375,1
680,376,1
680,377,1
680,378,1
680,379,1
680,380,1
680,381,1
680,382,1
680,383,1
680,384,1
680,385,1
680,386,1
680,387,1
680,388,1
680,389,1
680,396,1
680,397,1
680,398,1
680,399,1
680,400,1
680,401,1
680,402,1
680,403,1
680,404,1
680,405,1
680,406,1
680,407,1
680,408,1
680,409,1
680,410,1
680,411,1
680,412,1
680,413,1
680,414,1
680,415,1
680,416,1
680,417,1
680,418,1
680,419,1
680,420,1
681,365,1
681,366,1
681,367,1
681,368,1
681,369,1
681,370,1
681,371,1
681,372,1
681,373,1
681,374,1
681,375,1
681,376,1
681,377,1
681,378,1
681,379,1
681,380,1
681,381,1
681,382,1
681,385,1
682,364,1
682,365,1
682,366,1
682,367,1
682,368,1
682,369,1
682,370,1
682,371,1
682,372,1
682,373,1
682,374,1
682,375,1
682,376,1
682,377,1
682,378,1
682,379,1
682,380,1
682,381,1
682,382,1
683,358,1
683,361,1
683,362,1
683,363,1
683,364,1
683,365,1
683,366,1
683,367,1
683,368,1
683,369,1
683,370,1
683,371,1
683,372,1
683,373,1
683,374,1
683,375,1
683,376,1
683,377,1
684,357,1
684,358,1
684,359,1
684,360,1
684,361,1
684,362,1
684,363,1
684,364,1
684,365,1
684,366,1
684,367,1
684,368,1
684,369,1
684,370,1
684,371,1
684,372,1
684,373,1
685,357,1
685,358,1
685,359,1
685,360,1
685,361,1
685,362,1
685,363,1
685,364,1
685,365,1
685,366,1
685,367,1
685,368,1
685,369,1
685,370,1
685,371,1
685,372,1
685,373,1
686,353,1
686,354,1
686,355,1
686,356,1
686,357,1
686,358,1
686,359,1
686,360,1
686,361,1
686,362,1
686,363,1
686,364,1
686,365,1
686,366,1
686,367,1
686,368,1
686,369,1
687,353,1
687,354,1
687,355,1
687,356,1
687,357,1
687,358,1
687,359,1
687,360,1
687,361,1
687,362,1
687,363,1
687,364,1
687,365,1
687,366,1
687,367,1
687,368,1
687,369,1
688,349,1
688,350,1
688,351,1
688,352,1
688,353,1
688,354,1
688,355,1
688,356,1
688,357,1
688,358,1
688,359,1
688,360,1
689,349,1
689,350,1
689,351,1
689,352,1
689,353,1
689,354,1
689,355,1
689,356,1
689,357,1
689,358,1
689,359,1
689,360,1
690,345,1
690,346,1
690,347,1
690,348,1
690,349,1
690,350,1
690,351,1
690,352,1
690,353,1
690,354,1
690,355,1
690,356,1
691,345,1
691,346,1
691,347,1
691,348,1
691,349,1
691,350,1
691,351,1
691,352,1
691,353,1
691,354,1
691,355,1
691,356,1
692,341,1
692,342,1
692,343,1
692,344,1
692,345,1
692,346,1
692,347,1
692,348,1
692,349,1
692,350,1
692,351,1
692,352,1
693,337,1
693,338,1
693,339,1
693,340,1
693,341,1
693,342,1
693,343,1
693,344,1
693,345,1
693,346,1
693,347,1
694,337,1
694,338,1
694,339,1
694,340,1
694,341,1
694,342,1
694,343,1
694,344,1
695,333,1
695,334,1
695,335,1
695,336,1
695,337,1
695,338,1
695,339,1
695,340,1
695,341,1
695,342,1
695,343,1
695,344,1
696,333,1
696,336,1
696,337,1
696,338,1
696,339,1
696,340,1
696,341,1
696,342,1
696,343,1
697,333,1
697,334,1
697,335,1
697,336,1
697,337,1
697,338,1
697,339,1
697,340,1
698,334,1
698,337,1
698,338,1
698,339,1
698,340,1
699,329,1
699,330,1
699,331,1
699,332,1
699,333,1
699,334,1
699,335,1
699,336,1
700,331,1
700,332,1
700,335,1
700,336,1
701,329,1
701,330,1
701,331,1
701,332,1
702,329,1
702,330,1
702,331,1
702,332,1
705,323,1
719,224,1
719,226,1
720,226,1
652,507,1
652,508,1
652,509,1
652,510,1
652,511,1
652,512,1
652,513,1
652,514,1
652,515,1
652,516,1
652,517,1
652,518,1
652,519,1
652,520,1
652,521,1
652,522,1
652,523,1
653,508,1
653,509,1
653,510,1
653,511,1
653,512,1
653,513,1
653,514,1
653,515,1
653,516,1
653,517,1
653,518,1
653,519,1
653,520,1
653,521,1
653,522,1
653,523,1
654,500,1
654,501,1
654,502,1
654,503,1
654,504,1
654,505,1
654,506,1
654,507,1
654,508,1
654,509,1
654,510,1
654,511,1
654,512,1
654,513,1
654,514,1
654,515,1
654,516,1
654,517,1
654,518,1
654,519,1
654,520,1
654,521,1
654,522,1
654,523,1
654,524,1
654,525,1
654,526,1
654,527,1
655,500,1
655,501,1
655,502,1
655,503,1
655,504,1
655,505,1
655,506,1
655,507,1
655,508,1
655,509,1
655,510,1
655,511,1
655,512,1
655,513,1
655,514,1
655,515,1
655,516,1
655,517,1
655,518,1
655,519,1
655,520,1
655,521,1
655,522,1
655,523,1
655,524,1
655,525,1
655,526,1
655,527,1
656,500,1
656,504,1
656,505,1
656,506,1
656,507,1
656,508,1
656,509,1
656,510,1
656,511,1
656,512,1
656,513,1
656,514,1
656,515,1
656,516,1
656,517,1
656,518,1
656,519,1
656,520,1
656,521,1
656,522,1
656,523,1
657,517,1
658,513,1
658,516,1
658,517,1
658,518,1
672,422,1
672,423,1
672,424,1
672,425,1
672,426,1
673,422,1
673,423,1
673,424,1
673,425,1
673,426,1
675,432,1
677,410,1
677,411,1
677,412,1
677,413,1
677,414,1
677,415,1
677,416,1
677,417,1
677,418,1
677,419,1
677,420,1
677,421,1
678,393,1
678,394,1
678,395,1
678,396,1
678,397,1
678,410,1
678,411,1
678,412,1
678,413,1
678,414,1
678,415,1
678,416,1
678,417,1
678,418,1
678,419,1
678,420,1
678,421,1
681,382,1
681,386,1
681,387,1
681,388,1
681,389,1
681,390,1
681,391,1
681,392,1
681,393,1
681,394,1
681,395,1
681,396,1
681,397,1
682,384,1
682,385,1
682,386,1
682,387,1
682,388,1
682,389,1
682,390,1
682,391,1
682,392,1
682,393,1
682,394,1
682,395,1
682,396,1
682,397,1
683,374,1
683,375,1
683,376,1
683,377,1
683,378,1
683,379,1
683,380,1
683,381,1
683,382,1
683,383,1
683,384,1
683,385,1
683,386,1
683,387,1
683,388,1
683,389,1
683,390,1
683,391,1
683,392,1
683,393,1
683,394,1
683,395,1
683,396,1
683,397,1
683,398,1
683,400,1
683,414,1
683,415,1
683,416,1
683,417,1
683,418,1
683,419,1
683,420,1
683,421,1
683,422,1
683,423,1
683,424,1
683,425,1
683,426,1
683,427,1
683,428,1
684,366,1
684,367,1
684,368,1
684,370,1
684,371,1
684,372,1
684,373,1
684,374,1
684,375,1
684,376,1
684,377,1
684,378,1
684,379,1
684,380,1
684,381,1
684,382,1
684,383,1
684,384,1
684,385,1
684,386,1
684,387,1
684,388,1
684,389,1
684,390,1
684,391,1
684,392,1
684,393,1
684,394,1
684,395,1
684,396,1
684,397,1
684,398,1
684,399,1
684,400,1
684,401,1
684,402,1
684,404,1
685,370,1
685,371,1
685,372,1
685,373,1
685,374,1
685,375,1
685,376,1
685,377,1
685,378,1
685,379,1
685,380,1
685,381,1
685,382,1
685,383,1
685,384,1
685,385,1
685,386,1
685,387,1
685,388,1
685,389,1
685,390,1
685,391,1
685,392,1
685,393,1
685,394,1
685,395,1
685,396,1
685,397,1
685,398,1
685,399,1
685,401,1
686,361,1
686,362,1
686,363,1
686,364,1
686,365,1
686,366,1
686,367,1
686,368,1
686,369,1
686,370,1
686,371,1
686,372,1
686,373,1
686,374,1
686,375,1
686,376,1
686,377,1
686,378,1
686,379,1
686,380,1
686,381,1
686,382,1
686,383,1
686,384,1
686,385,1
686,386,1
686,396,1
686,397,1
686,399,1
686,400,1
686,401,1
686,402,1
686,403,1
686,404,1
686,405,1
686,406,1
686,407,1
686,408,1
686,409,1
686,420,1
687,361,1
687,362,1
687,363,1
687,364,1
687,365,1
687,366,1
687,367,1
687,368,1
687,369,1
687,370,1
687,371,1
687,372,1
687,373,1
687,374,1
687,375,1
687,376,1
687,377,1
687,378,1
687,379,1
687,380,1
687,381,1
687,382,1
687,383,1
687,384,1
687,385,1
687,386,1
687,394,1
687,396,1
687,402,1
687,403,1
687,404,1
687,405,1
687,406,1
687,407,1
687,408,1
687,409,1
687,410,1
687,411,1
687,412,1
687,413,1
688,353,1
688,354,1
688,355,1
688,356,1
688,357,1
688,358,1
688,359,1
688,360,1
688,361,1
688,362,1
688,363,1
688,364,1
688,365,1
688,366,1
688,367,1
688,368,1
688,369,1
688,370,1
688,371,1
688,372,1
688,373,1
688,374,1
688,375,1
688,376,1
688,377,1
689,353,1
689,354,1
689,355,1
689,356,1
689,357,1
689,358,1
689,359,1
689,360,1
689,361,1
689,362,1
689,363,1
689,364,1
689,365,1
689,366,1
689,367,1
689,368,1
689,369,1
689,370,1
689,371,1
689,372,1
689,373,1
689,374,1
689,375,1
689,376,1
689,377,1
690,349,1
690,350,1
690,351,1
690,352,1
690,353,1
690,354,1
690,355,1
690,356,1
690,357,1
690,358,1
690,359,1
690,360,1
690,361,1
690,362,1
690,363,1
690,364,1
690,365,1
690,366,1
690,367,1
690,368,1
690,369,1
691,347,1
691,348,1
691,349,1
691,350,1
691,351,1
691,352,1
691,353,1
691,354,1
691,355,1
691,356,1
691,357,1
691,358,1
691,359,1
691,360,1
691,361,1
691,362,1
691,363,1
691,364,1
691,365,1
691,366,1
691,367,1
691,368,1
691,369,1
692,344,1
692,345,1
692,346,1
692,347,1
692,348,1
692,349,1
692,350,1
692,351,1
692,352,1
692,353,1
692,354,1
692,355,1
692,356,1
692,357,1
692,358,1
692,359,1
692,360,1
693,341,1
693,342,1
693,343,1
693,344,1
693,345,1
693,346,1
693,347,1
693,348,1
693,349,1
693,350,1
693,351,1
693,352,1
694,341,1
694,342,1
694,343,1
694,344,1
694,345,1
694,346,1
694,347,1
694,348,1
694,349,1
694,350,1
694,351,1
694,352,1
695,337,1
695,338,1
695,339,1
695,340,1
695,341,1
695,342,1
695,343,1
695,344,1
695,345,1
695,346,1
695,347,1
695,348,1
696,337,1
696,338,1
696,339,1
696,340,1
696,341,1
696,342,1
696,343,1
696,344,1
696,345,1
696,346,1
696,347,1
696,348,1
697,333,1
697,334,1
697,335,1
697,336,1
697,337,1
697,338,1
697,339,1
697,340,1
697,341,1
697,342,1
697,343,1
697,344,1
698,333,1
698,334,1
698,335,1
698,336,1
698,337,1
698,338,1
698,339,1
698,340,1
698,341,1
698,342,1
698,343,1
698,344,1
699,329,1
699,330,1
699,331,1
699,332,1
699,333,1
699,334,1
699,335,1
699,336,1
699,337,1
699,338,1
699,339,1
699,340,1
700,329,1
700,330,1
700,331,1
700,332,1
700,333,1
700,334,1
700,335,1
700,336,1
700,337,1
700,338,1
700,339,1
700,340,1
701,325,1
701,329,1
701,330,1
701,331,1
701,332,1
701,333,1
701,334,1
701,335,1
701,336,1
702,325,1
702,326,1
702,327,1
702,328,1
702,329,1
702,330,1
702,331,1
702,332,1
702,333,1
702,334,1
702,335,1
702,336,1
703,322,1
703,323,1
703,324,1
703,325,1
703,326,1
703,327,1
703,328,1
704,321,1
704,322,1
704,323,1
704,324,1
705,321,1
705,322,1
705,323,1
705,324,1
706,314,1
706,316,1
706,318,1
707,313,1
707,314,1
707,315,1
707,316,1
711,307,1
713,223,1
